/*--------------------------------*- C++ -*----------------------------------*\
| =========                 |                                                 |
| \\      /  F ield         | OpenFOAM: The Open Source CFD Toolbox           |
|  \\    /   O peration     | Version:  2.4.0                                 |
|   \\  /    A nd           | Web:      www.OpenFOAM.org                      |
|    \\/     M anipulation  |                                                 |
\*---------------------------------------------------------------------------*/
FoamFile
{
    version     2.0;
    format      ascii;
    class       vectorField;
    location    "constant/polyMesh";
    object      points;
}
// * * * * * * * * * * * * * * * * * * * * * * * * * * * * * * * * * * * * * //


1856
(
(-0.003 -0.0015 0)
(0.003 -0.0015 0)
(-0.003 0.0015 0)
(0.003 0.0015 0)
(-0.003 -0.0015 0.000303030303)
(0.003 -0.0015 0.000303030303)
(-0.003 0.0015 0.000303030303)
(0.003 0.0015 0.000303030303)
(-0.003 -0.0015 0.0006060606061)
(0.003 -0.0015 0.0006060606061)
(-0.003 0.0015 0.0006060606061)
(0.003 0.0015 0.0006060606061)
(-0.003 -0.0015 0.0009090909091)
(0.003 -0.0015 0.0009090909091)
(-0.003 0.0015 0.0009090909091)
(0.003 0.0015 0.0009090909091)
(-0.003 -0.0015 0.001212121212)
(0.003 -0.0015 0.001212121212)
(-0.003 0.0015 0.001212121212)
(0.003 0.0015 0.001212121212)
(-0.003 -0.0015 0.001515151515)
(0.003 -0.0015 0.001515151515)
(-0.003 0.0015 0.001515151515)
(0.003 0.0015 0.001515151515)
(-0.003 -0.0015 0.001818181818)
(0.003 -0.0015 0.001818181818)
(-0.003 0.0015 0.001818181818)
(0.003 0.0015 0.001818181818)
(-0.003 -0.0015 0.002121212121)
(0.003 -0.0015 0.002121212121)
(-0.003 0.0015 0.002121212121)
(0.003 0.0015 0.002121212121)
(-0.003 -0.0015 0.002424242424)
(0.003 -0.0015 0.002424242424)
(-0.003 0.0015 0.002424242424)
(0.003 0.0015 0.002424242424)
(-0.003 -0.0015 0.002727272727)
(0.003 -0.0015 0.002727272727)
(-0.003 0.0015 0.002727272727)
(0.003 0.0015 0.002727272727)
(-0.003 -0.0015 0.00303030303)
(0.003 -0.0015 0.00303030303)
(-0.003 0.0015 0.00303030303)
(0.003 0.0015 0.00303030303)
(-0.003 -0.0015 0.003333333333)
(0.003 -0.0015 0.003333333333)
(-0.003 0.0015 0.003333333333)
(0.003 0.0015 0.003333333333)
(-0.003 -0.0015 0.003636363636)
(0.003 -0.0015 0.003636363636)
(-0.003 0.0015 0.003636363636)
(0.003 0.0015 0.003636363636)
(-0.003 -0.0015 0.003939393939)
(0.003 -0.0015 0.003939393939)
(-0.003 0.0015 0.003939393939)
(0.003 0.0015 0.003939393939)
(-0.003 -0.0015 0.004242424242)
(0.003 -0.0015 0.004242424242)
(-0.003 0.0015 0.004242424242)
(0.003 0.0015 0.004242424242)
(-0.003 -0.0015 0.004545454545)
(0.003 -0.0015 0.004545454545)
(-0.003 0.0015 0.004545454545)
(0.003 0.0015 0.004545454545)
(-0.003 -0.0015 0.004848484848)
(0.003 -0.0015 0.004848484848)
(-0.003 0.0015 0.004848484848)
(0.003 0.0015 0.004848484848)
(-0.003 -0.0015 0.005151515152)
(0.003 -0.0015 0.005151515152)
(-0.003 0.0015 0.005151515152)
(0.003 0.0015 0.005151515152)
(-0.003 -0.0015 0.005454545455)
(0.003 -0.0015 0.005454545455)
(-0.003 0.0015 0.005454545455)
(0.003 0.0015 0.005454545455)
(-0.003 -0.0015 0.005757575758)
(0.003 -0.0015 0.005757575758)
(-0.003 0.0015 0.005757575758)
(0.003 0.0015 0.005757575758)
(-0.003 -0.0015 0.006060606061)
(0.003 -0.0015 0.006060606061)
(-0.003 0.0015 0.006060606061)
(0.003 0.0015 0.006060606061)
(-0.003 -0.0015 0.006363636364)
(0.003 -0.0015 0.006363636364)
(-0.003 0.0015 0.006363636364)
(0.003 0.0015 0.006363636364)
(-0.003 -0.0015 0.006666666667)
(0.003 -0.0015 0.006666666667)
(-0.003 0.0015 0.006666666667)
(0.003 0.0015 0.006666666667)
(-0.003 -0.0015 0.00696969697)
(0.003 -0.0015 0.00696969697)
(-0.003 0.0015 0.00696969697)
(0.003 0.0015 0.00696969697)
(-0.003 -0.0015 0.007272727273)
(0.003 -0.0015 0.007272727273)
(-0.003 0.0015 0.007272727273)
(0.003 0.0015 0.007272727273)
(-0.003 -0.0015 0.007575757576)
(0.003 -0.0015 0.007575757576)
(-0.003 0.0015 0.007575757576)
(0.003 0.0015 0.007575757576)
(-0.003 -0.0015 0.007878787879)
(0.003 -0.0015 0.007878787879)
(-0.003 0.0015 0.007878787879)
(0.003 0.0015 0.007878787879)
(-0.003 -0.0015 0.008181818182)
(0.003 -0.0015 0.008181818182)
(-0.003 0.0015 0.008181818182)
(0.003 0.0015 0.008181818182)
(-0.003 -0.0015 0.008484848485)
(0.003 -0.0015 0.008484848485)
(-0.003 0.0015 0.008484848485)
(0.003 0.0015 0.008484848485)
(-0.003 -0.0015 0.008787878788)
(0.003 -0.0015 0.008787878788)
(-0.003 0.0015 0.008787878788)
(0.003 0.0015 0.008787878788)
(-0.003 -0.0015 0.009090909091)
(0.003 -0.0015 0.009090909091)
(-0.003 0.0015 0.009090909091)
(0.003 0.0015 0.009090909091)
(-0.003 -0.0015 0.009393939394)
(0.003 -0.0015 0.009393939394)
(-0.003 0.0015 0.009393939394)
(0.003 0.0015 0.009393939394)
(-0.003 -0.0015 0.009696969697)
(0.003 -0.0015 0.009696969697)
(-0.003 0.0015 0.009696969697)
(0.003 0.0015 0.009696969697)
(-0.003 -0.0015 0.01)
(0.003 -0.0015 0.01)
(-0.003 0.0015 0.01)
(0.003 0.0015 0.01)
(-0.003 -0.0015 0.0103030303)
(0.003 -0.0015 0.0103030303)
(-0.003 0.0015 0.0103030303)
(0.003 0.0015 0.0103030303)
(-0.003 -0.0015 0.01060606061)
(0.003 -0.0015 0.01060606061)
(-0.003 0.0015 0.01060606061)
(0.003 0.0015 0.01060606061)
(-0.003 -0.0015 0.01090909091)
(0.003 -0.0015 0.01090909091)
(-0.003 0.0015 0.01090909091)
(0.003 0.0015 0.01090909091)
(-0.003 -0.0015 0.01121212121)
(0.003 -0.0015 0.01121212121)
(-0.003 0.0015 0.01121212121)
(0.003 0.0015 0.01121212121)
(-0.003 -0.0015 0.01151515152)
(0.003 -0.0015 0.01151515152)
(-0.003 0.0015 0.01151515152)
(0.003 0.0015 0.01151515152)
(-0.003 -0.0015 0.01181818182)
(0.003 -0.0015 0.01181818182)
(-0.003 0.0015 0.01181818182)
(0.003 0.0015 0.01181818182)
(-0.003 -0.0015 0.01212121212)
(0.003 -0.0015 0.01212121212)
(-0.003 0.0015 0.01212121212)
(0.003 0.0015 0.01212121212)
(-0.003 -0.0015 0.01242424242)
(0.003 -0.0015 0.01242424242)
(-0.003 0.0015 0.01242424242)
(0.003 0.0015 0.01242424242)
(-0.003 -0.0015 0.01272727273)
(0.003 -0.0015 0.01272727273)
(-0.003 0.0015 0.01272727273)
(0.003 0.0015 0.01272727273)
(-0.003 -0.0015 0.01303030303)
(0.003 -0.0015 0.01303030303)
(-0.003 0.0015 0.01303030303)
(0.003 0.0015 0.01303030303)
(-0.003 -0.0015 0.01333333333)
(0.003 -0.0015 0.01333333333)
(-0.003 0.0015 0.01333333333)
(0.003 0.0015 0.01333333333)
(-0.003 -0.0015 0.01363636364)
(0.003 -0.0015 0.01363636364)
(-0.003 0.0015 0.01363636364)
(0.003 0.0015 0.01363636364)
(-0.003 -0.0015 0.01393939394)
(0.003 -0.0015 0.01393939394)
(-0.003 0.0015 0.01393939394)
(0.003 0.0015 0.01393939394)
(-0.003 -0.0015 0.01424242424)
(0.003 -0.0015 0.01424242424)
(-0.003 0.0015 0.01424242424)
(0.003 0.0015 0.01424242424)
(-0.003 -0.0015 0.01454545455)
(0.003 -0.0015 0.01454545455)
(-0.003 0.0015 0.01454545455)
(0.003 0.0015 0.01454545455)
(-0.003 -0.0015 0.01484848485)
(0.003 -0.0015 0.01484848485)
(-0.003 0.0015 0.01484848485)
(0.003 0.0015 0.01484848485)
(-0.003 -0.0015 0.01515151515)
(0.003 -0.0015 0.01515151515)
(-0.003 0.0015 0.01515151515)
(0.003 0.0015 0.01515151515)
(-0.003 -0.0015 0.01545454545)
(0.003 -0.0015 0.01545454545)
(-0.003 0.0015 0.01545454545)
(0.003 0.0015 0.01545454545)
(-0.003 -0.0015 0.01575757576)
(0.003 -0.0015 0.01575757576)
(-0.003 0.0015 0.01575757576)
(0.003 0.0015 0.01575757576)
(-0.003 -0.0015 0.01606060606)
(0.003 -0.0015 0.01606060606)
(-0.003 0.0015 0.01606060606)
(0.003 0.0015 0.01606060606)
(-0.003 -0.0015 0.01636363636)
(0.003 -0.0015 0.01636363636)
(-0.003 0.0015 0.01636363636)
(0.003 0.0015 0.01636363636)
(-0.003 -0.0015 0.01666666667)
(0.003 -0.0015 0.01666666667)
(-0.003 0.0015 0.01666666667)
(0.003 0.0015 0.01666666667)
(-0.003 -0.0015 0.01696969697)
(0.003 -0.0015 0.01696969697)
(-0.003 0.0015 0.01696969697)
(0.003 0.0015 0.01696969697)
(-0.003 -0.0015 0.01727272727)
(0.003 -0.0015 0.01727272727)
(-0.003 0.0015 0.01727272727)
(0.003 0.0015 0.01727272727)
(-0.003 -0.0015 0.01757575758)
(0.003 -0.0015 0.01757575758)
(-0.003 0.0015 0.01757575758)
(0.003 0.0015 0.01757575758)
(-0.003 -0.0015 0.01787878788)
(0.003 -0.0015 0.01787878788)
(-0.003 0.0015 0.01787878788)
(0.003 0.0015 0.01787878788)
(-0.003 -0.0015 0.01818181818)
(0.003 -0.0015 0.01818181818)
(-0.003 0.0015 0.01818181818)
(0.003 0.0015 0.01818181818)
(-0.003 -0.0015 0.01848484848)
(0.003 -0.0015 0.01848484848)
(-0.003 0.0015 0.01848484848)
(0.003 0.0015 0.01848484848)
(-0.003 -0.0015 0.01878787879)
(0.003 -0.0015 0.01878787879)
(-0.003 0.0015 0.01878787879)
(0.003 0.0015 0.01878787879)
(-0.003 -0.0015 0.01909090909)
(0.003 -0.0015 0.01909090909)
(-0.003 0.0015 0.01909090909)
(0.003 0.0015 0.01909090909)
(-0.003 -0.0015 0.01939393939)
(0.003 -0.0015 0.01939393939)
(-0.003 0.0015 0.01939393939)
(0.003 0.0015 0.01939393939)
(-0.003 -0.0015 0.0196969697)
(0.003 -0.0015 0.0196969697)
(-0.003 0.0015 0.0196969697)
(0.003 0.0015 0.0196969697)
(-0.003 -0.0015 0.02)
(0.003 -0.0015 0.02)
(-0.003 0.0015 0.02)
(0.003 0.0015 0.02)
(-0.003 -0.0015 0.0203030303)
(0.003 -0.0015 0.0203030303)
(-0.003 0.0015 0.0203030303)
(0.003 0.0015 0.0203030303)
(-0.003 -0.0015 0.02060606061)
(0.003 -0.0015 0.02060606061)
(-0.003 0.0015 0.02060606061)
(0.003 0.0015 0.02060606061)
(-0.003 -0.0015 0.02090909091)
(0.003 -0.0015 0.02090909091)
(-0.003 0.0015 0.02090909091)
(0.003 0.0015 0.02090909091)
(-0.003 -0.0015 0.02121212121)
(0.003 -0.0015 0.02121212121)
(-0.003 0.0015 0.02121212121)
(0.003 0.0015 0.02121212121)
(-0.003 -0.0015 0.02151515152)
(0.003 -0.0015 0.02151515152)
(-0.003 0.0015 0.02151515152)
(0.003 0.0015 0.02151515152)
(-0.003 -0.0015 0.02181818182)
(0.003 -0.0015 0.02181818182)
(-0.003 0.0015 0.02181818182)
(0.003 0.0015 0.02181818182)
(-0.003 -0.0015 0.02212121212)
(0.003 -0.0015 0.02212121212)
(-0.003 0.0015 0.02212121212)
(0.003 0.0015 0.02212121212)
(-0.003 -0.0015 0.02242424242)
(0.003 -0.0015 0.02242424242)
(-0.003 0.0015 0.02242424242)
(0.003 0.0015 0.02242424242)
(-0.003 -0.0015 0.02272727273)
(0.003 -0.0015 0.02272727273)
(-0.003 0.0015 0.02272727273)
(0.003 0.0015 0.02272727273)
(-0.003 -0.0015 0.02303030303)
(0.003 -0.0015 0.02303030303)
(-0.003 0.0015 0.02303030303)
(0.003 0.0015 0.02303030303)
(-0.003 -0.0015 0.02333333333)
(0.003 -0.0015 0.02333333333)
(-0.003 0.0015 0.02333333333)
(0.003 0.0015 0.02333333333)
(-0.003 -0.0015 0.02363636364)
(0.003 -0.0015 0.02363636364)
(-0.003 0.0015 0.02363636364)
(0.003 0.0015 0.02363636364)
(-0.003 -0.0015 0.02393939394)
(0.003 -0.0015 0.02393939394)
(-0.003 0.0015 0.02393939394)
(0.003 0.0015 0.02393939394)
(-0.003 -0.0015 0.02424242424)
(0.003 -0.0015 0.02424242424)
(-0.003 0.0015 0.02424242424)
(0.003 0.0015 0.02424242424)
(-0.003 -0.0015 0.02454545455)
(0.003 -0.0015 0.02454545455)
(-0.003 0.0015 0.02454545455)
(0.003 0.0015 0.02454545455)
(-0.003 -0.0015 0.02484848485)
(0.003 -0.0015 0.02484848485)
(-0.003 0.0015 0.02484848485)
(0.003 0.0015 0.02484848485)
(-0.003 -0.0015 0.02515151515)
(0.003 -0.0015 0.02515151515)
(-0.003 0.0015 0.02515151515)
(0.003 0.0015 0.02515151515)
(-0.003 -0.0015 0.02545454545)
(0.003 -0.0015 0.02545454545)
(-0.003 0.0015 0.02545454545)
(0.003 0.0015 0.02545454545)
(-0.003 -0.0015 0.02575757576)
(0.003 -0.0015 0.02575757576)
(-0.003 0.0015 0.02575757576)
(0.003 0.0015 0.02575757576)
(-0.003 -0.0015 0.02606060606)
(0.003 -0.0015 0.02606060606)
(-0.003 0.0015 0.02606060606)
(0.003 0.0015 0.02606060606)
(-0.003 -0.0015 0.02636363636)
(0.003 -0.0015 0.02636363636)
(-0.003 0.0015 0.02636363636)
(0.003 0.0015 0.02636363636)
(-0.003 -0.0015 0.02666666667)
(0.003 -0.0015 0.02666666667)
(-0.003 0.0015 0.02666666667)
(0.003 0.0015 0.02666666667)
(-0.003 -0.0015 0.02696969697)
(0.003 -0.0015 0.02696969697)
(-0.003 0.0015 0.02696969697)
(0.003 0.0015 0.02696969697)
(-0.003 -0.0015 0.02727272727)
(0.003 -0.0015 0.02727272727)
(-0.003 0.0015 0.02727272727)
(0.003 0.0015 0.02727272727)
(-0.003 -0.0015 0.02757575758)
(0.003 -0.0015 0.02757575758)
(-0.003 0.0015 0.02757575758)
(0.003 0.0015 0.02757575758)
(-0.003 -0.0015 0.02787878788)
(0.003 -0.0015 0.02787878788)
(-0.003 0.0015 0.02787878788)
(0.003 0.0015 0.02787878788)
(-0.003 -0.0015 0.02818181818)
(0.003 -0.0015 0.02818181818)
(-0.003 0.0015 0.02818181818)
(0.003 0.0015 0.02818181818)
(-0.003 -0.0015 0.02848484848)
(0.003 -0.0015 0.02848484848)
(-0.003 0.0015 0.02848484848)
(0.003 0.0015 0.02848484848)
(-0.003 -0.0015 0.02878787879)
(0.003 -0.0015 0.02878787879)
(-0.003 0.0015 0.02878787879)
(0.003 0.0015 0.02878787879)
(-0.003 -0.0015 0.02909090909)
(0.003 -0.0015 0.02909090909)
(-0.003 0.0015 0.02909090909)
(0.003 0.0015 0.02909090909)
(-0.003 -0.0015 0.02939393939)
(0.003 -0.0015 0.02939393939)
(-0.003 0.0015 0.02939393939)
(0.003 0.0015 0.02939393939)
(-0.003 -0.0015 0.0296969697)
(0.003 -0.0015 0.0296969697)
(-0.003 0.0015 0.0296969697)
(0.003 0.0015 0.0296969697)
(-0.003 -0.0015 0.03)
(0.003 -0.0015 0.03)
(-0.003 0.0015 0.03)
(0.003 0.0015 0.03)
(-0.003 -0.0015 0.0303030303)
(0.003 -0.0015 0.0303030303)
(-0.003 0.0015 0.0303030303)
(0.003 0.0015 0.0303030303)
(-0.003 -0.0015 0.03060606061)
(0.003 -0.0015 0.03060606061)
(-0.003 0.0015 0.03060606061)
(0.003 0.0015 0.03060606061)
(-0.003 -0.0015 0.03090909091)
(0.003 -0.0015 0.03090909091)
(-0.003 0.0015 0.03090909091)
(0.003 0.0015 0.03090909091)
(-0.003 -0.0015 0.03121212121)
(0.003 -0.0015 0.03121212121)
(-0.003 0.0015 0.03121212121)
(0.003 0.0015 0.03121212121)
(-0.003 -0.0015 0.03151515152)
(0.003 -0.0015 0.03151515152)
(-0.003 0.0015 0.03151515152)
(0.003 0.0015 0.03151515152)
(-0.003 -0.0015 0.03181818182)
(0.003 -0.0015 0.03181818182)
(-0.003 0.0015 0.03181818182)
(0.003 0.0015 0.03181818182)
(-0.003 -0.0015 0.03212121212)
(0.003 -0.0015 0.03212121212)
(-0.003 0.0015 0.03212121212)
(0.003 0.0015 0.03212121212)
(-0.003 -0.0015 0.03242424242)
(0.003 -0.0015 0.03242424242)
(-0.003 0.0015 0.03242424242)
(0.003 0.0015 0.03242424242)
(-0.003 -0.0015 0.03272727273)
(0.003 -0.0015 0.03272727273)
(-0.003 0.0015 0.03272727273)
(0.003 0.0015 0.03272727273)
(-0.003 -0.0015 0.03303030303)
(0.003 -0.0015 0.03303030303)
(-0.003 0.0015 0.03303030303)
(0.003 0.0015 0.03303030303)
(-0.003 -0.0015 0.03333333333)
(0.003 -0.0015 0.03333333333)
(-0.003 0.0015 0.03333333333)
(0.003 0.0015 0.03333333333)
(-0.003 -0.0015 0.03363636364)
(0.003 -0.0015 0.03363636364)
(-0.003 0.0015 0.03363636364)
(0.003 0.0015 0.03363636364)
(-0.003 -0.0015 0.03393939394)
(0.003 -0.0015 0.03393939394)
(-0.003 0.0015 0.03393939394)
(0.003 0.0015 0.03393939394)
(-0.003 -0.0015 0.03424242424)
(0.003 -0.0015 0.03424242424)
(-0.003 0.0015 0.03424242424)
(0.003 0.0015 0.03424242424)
(-0.003 -0.0015 0.03454545455)
(0.003 -0.0015 0.03454545455)
(-0.003 0.0015 0.03454545455)
(0.003 0.0015 0.03454545455)
(-0.003 -0.0015 0.03484848485)
(0.003 -0.0015 0.03484848485)
(-0.003 0.0015 0.03484848485)
(0.003 0.0015 0.03484848485)
(-0.003 -0.0015 0.03515151515)
(0.003 -0.0015 0.03515151515)
(-0.003 0.0015 0.03515151515)
(0.003 0.0015 0.03515151515)
(-0.003 -0.0015 0.03545454545)
(0.003 -0.0015 0.03545454545)
(-0.003 0.0015 0.03545454545)
(0.003 0.0015 0.03545454545)
(-0.003 -0.0015 0.03575757576)
(0.003 -0.0015 0.03575757576)
(-0.003 0.0015 0.03575757576)
(0.003 0.0015 0.03575757576)
(-0.003 -0.0015 0.03606060606)
(0.003 -0.0015 0.03606060606)
(-0.003 0.0015 0.03606060606)
(0.003 0.0015 0.03606060606)
(-0.003 -0.0015 0.03636363636)
(0.003 -0.0015 0.03636363636)
(-0.003 0.0015 0.03636363636)
(0.003 0.0015 0.03636363636)
(-0.003 -0.0015 0.03666666667)
(0.003 -0.0015 0.03666666667)
(-0.003 0.0015 0.03666666667)
(0.003 0.0015 0.03666666667)
(-0.003 -0.0015 0.03696969697)
(0.003 -0.0015 0.03696969697)
(-0.003 0.0015 0.03696969697)
(0.003 0.0015 0.03696969697)
(-0.003 -0.0015 0.03727272727)
(0.003 -0.0015 0.03727272727)
(-0.003 0.0015 0.03727272727)
(0.003 0.0015 0.03727272727)
(-0.003 -0.0015 0.03757575758)
(0.003 -0.0015 0.03757575758)
(-0.003 0.0015 0.03757575758)
(0.003 0.0015 0.03757575758)
(-0.003 -0.0015 0.03787878788)
(0.003 -0.0015 0.03787878788)
(-0.003 0.0015 0.03787878788)
(0.003 0.0015 0.03787878788)
(-0.003 -0.0015 0.03818181818)
(0.003 -0.0015 0.03818181818)
(-0.003 0.0015 0.03818181818)
(0.003 0.0015 0.03818181818)
(-0.003 -0.0015 0.03848484848)
(0.003 -0.0015 0.03848484848)
(-0.003 0.0015 0.03848484848)
(0.003 0.0015 0.03848484848)
(-0.003 -0.0015 0.03878787879)
(0.003 -0.0015 0.03878787879)
(-0.003 0.0015 0.03878787879)
(0.003 0.0015 0.03878787879)
(-0.003 -0.0015 0.03909090909)
(0.003 -0.0015 0.03909090909)
(-0.003 0.0015 0.03909090909)
(0.003 0.0015 0.03909090909)
(-0.003 -0.0015 0.03939393939)
(0.003 -0.0015 0.03939393939)
(-0.003 0.0015 0.03939393939)
(0.003 0.0015 0.03939393939)
(-0.003 -0.0015 0.0396969697)
(0.003 -0.0015 0.0396969697)
(-0.003 0.0015 0.0396969697)
(0.003 0.0015 0.0396969697)
(-0.003 -0.0015 0.04)
(0.003 -0.0015 0.04)
(-0.003 0.0015 0.04)
(0.003 0.0015 0.04)
(-0.003 -0.0015 0.0403030303)
(0.003 -0.0015 0.0403030303)
(-0.003 0.0015 0.0403030303)
(0.003 0.0015 0.0403030303)
(-0.003 -0.0015 0.04060606061)
(0.003 -0.0015 0.04060606061)
(-0.003 0.0015 0.04060606061)
(0.003 0.0015 0.04060606061)
(-0.003 -0.0015 0.04090909091)
(0.003 -0.0015 0.04090909091)
(-0.003 0.0015 0.04090909091)
(0.003 0.0015 0.04090909091)
(-0.003 -0.0015 0.04121212121)
(0.003 -0.0015 0.04121212121)
(-0.003 0.0015 0.04121212121)
(0.003 0.0015 0.04121212121)
(-0.003 -0.0015 0.04151515152)
(0.003 -0.0015 0.04151515152)
(-0.003 0.0015 0.04151515152)
(0.003 0.0015 0.04151515152)
(-0.003 -0.0015 0.04181818182)
(0.003 -0.0015 0.04181818182)
(-0.003 0.0015 0.04181818182)
(0.003 0.0015 0.04181818182)
(-0.003 -0.0015 0.04212121212)
(0.003 -0.0015 0.04212121212)
(-0.003 0.0015 0.04212121212)
(0.003 0.0015 0.04212121212)
(-0.003 -0.0015 0.04242424242)
(0.003 -0.0015 0.04242424242)
(-0.003 0.0015 0.04242424242)
(0.003 0.0015 0.04242424242)
(-0.003 -0.0015 0.04272727273)
(0.003 -0.0015 0.04272727273)
(-0.003 0.0015 0.04272727273)
(0.003 0.0015 0.04272727273)
(-0.003 -0.0015 0.04303030303)
(0.003 -0.0015 0.04303030303)
(-0.003 0.0015 0.04303030303)
(0.003 0.0015 0.04303030303)
(-0.003 -0.0015 0.04333333333)
(0.003 -0.0015 0.04333333333)
(-0.003 0.0015 0.04333333333)
(0.003 0.0015 0.04333333333)
(-0.003 -0.0015 0.04363636364)
(0.003 -0.0015 0.04363636364)
(-0.003 0.0015 0.04363636364)
(0.003 0.0015 0.04363636364)
(-0.003 -0.0015 0.04393939394)
(0.003 -0.0015 0.04393939394)
(-0.003 0.0015 0.04393939394)
(0.003 0.0015 0.04393939394)
(-0.003 -0.0015 0.04424242424)
(0.003 -0.0015 0.04424242424)
(-0.003 0.0015 0.04424242424)
(0.003 0.0015 0.04424242424)
(-0.003 -0.0015 0.04454545455)
(0.003 -0.0015 0.04454545455)
(-0.003 0.0015 0.04454545455)
(0.003 0.0015 0.04454545455)
(-0.003 -0.0015 0.04484848485)
(0.003 -0.0015 0.04484848485)
(-0.003 0.0015 0.04484848485)
(0.003 0.0015 0.04484848485)
(-0.003 -0.0015 0.04515151515)
(0.003 -0.0015 0.04515151515)
(-0.003 0.0015 0.04515151515)
(0.003 0.0015 0.04515151515)
(-0.003 -0.0015 0.04545454545)
(0.003 -0.0015 0.04545454545)
(-0.003 0.0015 0.04545454545)
(0.003 0.0015 0.04545454545)
(-0.003 -0.0015 0.04575757576)
(0.003 -0.0015 0.04575757576)
(-0.003 0.0015 0.04575757576)
(0.003 0.0015 0.04575757576)
(-0.003 -0.0015 0.04606060606)
(0.003 -0.0015 0.04606060606)
(-0.003 0.0015 0.04606060606)
(0.003 0.0015 0.04606060606)
(-0.003 -0.0015 0.04636363636)
(0.003 -0.0015 0.04636363636)
(-0.003 0.0015 0.04636363636)
(0.003 0.0015 0.04636363636)
(-0.003 -0.0015 0.04666666667)
(0.003 -0.0015 0.04666666667)
(-0.003 0.0015 0.04666666667)
(0.003 0.0015 0.04666666667)
(-0.003 -0.0015 0.04696969697)
(0.003 -0.0015 0.04696969697)
(-0.003 0.0015 0.04696969697)
(0.003 0.0015 0.04696969697)
(-0.003 -0.0015 0.04727272727)
(0.003 -0.0015 0.04727272727)
(-0.003 0.0015 0.04727272727)
(0.003 0.0015 0.04727272727)
(-0.003 -0.0015 0.04757575758)
(0.003 -0.0015 0.04757575758)
(-0.003 0.0015 0.04757575758)
(0.003 0.0015 0.04757575758)
(-0.003 -0.0015 0.04787878788)
(0.003 -0.0015 0.04787878788)
(-0.003 0.0015 0.04787878788)
(0.003 0.0015 0.04787878788)
(-0.003 -0.0015 0.04818181818)
(0.003 -0.0015 0.04818181818)
(-0.003 0.0015 0.04818181818)
(0.003 0.0015 0.04818181818)
(-0.003 -0.0015 0.04848484848)
(0.003 -0.0015 0.04848484848)
(-0.003 0.0015 0.04848484848)
(0.003 0.0015 0.04848484848)
(-0.003 -0.0015 0.04878787879)
(0.003 -0.0015 0.04878787879)
(-0.003 0.0015 0.04878787879)
(0.003 0.0015 0.04878787879)
(-0.003 -0.0015 0.04909090909)
(0.003 -0.0015 0.04909090909)
(-0.003 0.0015 0.04909090909)
(0.003 0.0015 0.04909090909)
(-0.003 -0.0015 0.04939393939)
(0.003 -0.0015 0.04939393939)
(-0.003 0.0015 0.04939393939)
(0.003 0.0015 0.04939393939)
(-0.003 -0.0015 0.0496969697)
(0.003 -0.0015 0.0496969697)
(-0.003 0.0015 0.0496969697)
(0.003 0.0015 0.0496969697)
(-0.003 -0.0015 0.05)
(0.003 -0.0015 0.05)
(-0.003 0.0015 0.05)
(0.003 0.0015 0.05)
(-0.003 -0.0015 0.05030205192)
(0.003 -0.0015 0.05030205192)
(-0.003 0.0015 0.05030205192)
(0.003 0.0015 0.05030205192)
(-0.003 -0.0015 0.05060780922)
(0.003 -0.0015 0.05060780922)
(-0.003 0.0015 0.05060780922)
(0.003 0.0015 0.05060780922)
(-0.003 -0.0015 0.05091731734)
(0.003 -0.0015 0.05091731734)
(-0.003 0.0015 0.05091731734)
(0.003 0.0015 0.05091731734)
(-0.003 -0.0015 0.05123062231)
(0.003 -0.0015 0.05123062231)
(-0.003 0.0015 0.05123062231)
(0.003 0.0015 0.05123062231)
(-0.003 -0.0015 0.0515477707)
(0.003 -0.0015 0.0515477707)
(-0.003 0.0015 0.0515477707)
(0.003 0.0015 0.0515477707)
(-0.003 -0.0015 0.05186880966)
(0.003 -0.0015 0.05186880966)
(-0.003 0.0015 0.05186880966)
(0.003 0.0015 0.05186880966)
(-0.003 -0.0015 0.05219378691)
(0.003 -0.0015 0.05219378691)
(-0.003 0.0015 0.05219378691)
(0.003 0.0015 0.05219378691)
(-0.003 -0.0015 0.05252275078)
(0.003 -0.0015 0.05252275078)
(-0.003 0.0015 0.05252275078)
(0.003 0.0015 0.05252275078)
(-0.003 -0.0015 0.05285575015)
(0.003 -0.0015 0.05285575015)
(-0.003 0.0015 0.05285575015)
(0.003 0.0015 0.05285575015)
(-0.003 -0.0015 0.05319283455)
(0.003 -0.0015 0.05319283455)
(-0.003 0.0015 0.05319283455)
(0.003 0.0015 0.05319283455)
(-0.003 -0.0015 0.05353405407)
(0.003 -0.0015 0.05353405407)
(-0.003 0.0015 0.05353405407)
(0.003 0.0015 0.05353405407)
(-0.003 -0.0015 0.05387945946)
(0.003 -0.0015 0.05387945946)
(-0.003 0.0015 0.05387945946)
(0.003 0.0015 0.05387945946)
(-0.003 -0.0015 0.05422910205)
(0.003 -0.0015 0.05422910205)
(-0.003 0.0015 0.05422910205)
(0.003 0.0015 0.05422910205)
(-0.003 -0.0015 0.05458303382)
(0.003 -0.0015 0.05458303382)
(-0.003 0.0015 0.05458303382)
(0.003 0.0015 0.05458303382)
(-0.003 -0.0015 0.0549413074)
(0.003 -0.0015 0.0549413074)
(-0.003 0.0015 0.0549413074)
(0.003 0.0015 0.0549413074)
(-0.003 -0.0015 0.05530397605)
(0.003 -0.0015 0.05530397605)
(-0.003 0.0015 0.05530397605)
(0.003 0.0015 0.05530397605)
(-0.003 -0.0015 0.05567109368)
(0.003 -0.0015 0.05567109368)
(-0.003 0.0015 0.05567109368)
(0.003 0.0015 0.05567109368)
(-0.003 -0.0015 0.05604271486)
(0.003 -0.0015 0.05604271486)
(-0.003 0.0015 0.05604271486)
(0.003 0.0015 0.05604271486)
(-0.003 -0.0015 0.05641889486)
(0.003 -0.0015 0.05641889486)
(-0.003 0.0015 0.05641889486)
(0.003 0.0015 0.05641889486)
(-0.003 -0.0015 0.05679968958)
(0.003 -0.0015 0.05679968958)
(-0.003 0.0015 0.05679968958)
(0.003 0.0015 0.05679968958)
(-0.003 -0.0015 0.05718515564)
(0.003 -0.0015 0.05718515564)
(-0.003 0.0015 0.05718515564)
(0.003 0.0015 0.05718515564)
(-0.003 -0.0015 0.05757535035)
(0.003 -0.0015 0.05757535035)
(-0.003 0.0015 0.05757535035)
(0.003 0.0015 0.05757535035)
(-0.003 -0.0015 0.05797033171)
(0.003 -0.0015 0.05797033171)
(-0.003 0.0015 0.05797033171)
(0.003 0.0015 0.05797033171)
(-0.003 -0.0015 0.05837015844)
(0.003 -0.0015 0.05837015844)
(-0.003 0.0015 0.05837015844)
(0.003 0.0015 0.05837015844)
(-0.003 -0.0015 0.05877488999)
(0.003 -0.0015 0.05877488999)
(-0.003 0.0015 0.05877488999)
(0.003 0.0015 0.05877488999)
(-0.003 -0.0015 0.05918458652)
(0.003 -0.0015 0.05918458652)
(-0.003 0.0015 0.05918458652)
(0.003 0.0015 0.05918458652)
(-0.003 -0.0015 0.05959930894)
(0.003 -0.0015 0.05959930894)
(-0.003 0.0015 0.05959930894)
(0.003 0.0015 0.05959930894)
(-0.003 -0.0015 0.0600191189)
(0.003 -0.0015 0.0600191189)
(-0.003 0.0015 0.0600191189)
(0.003 0.0015 0.0600191189)
(-0.003 -0.0015 0.06044407881)
(0.003 -0.0015 0.06044407881)
(-0.003 0.0015 0.06044407881)
(0.003 0.0015 0.06044407881)
(-0.003 -0.0015 0.06087425186)
(0.003 -0.0015 0.06087425186)
(-0.003 0.0015 0.06087425186)
(0.003 0.0015 0.06087425186)
(-0.003 -0.0015 0.06130970198)
(0.003 -0.0015 0.06130970198)
(-0.003 0.0015 0.06130970198)
(0.003 0.0015 0.06130970198)
(-0.003 -0.0015 0.06175049393)
(0.003 -0.0015 0.06175049393)
(-0.003 0.0015 0.06175049393)
(0.003 0.0015 0.06175049393)
(-0.003 -0.0015 0.06219669322)
(0.003 -0.0015 0.06219669322)
(-0.003 0.0015 0.06219669322)
(0.003 0.0015 0.06219669322)
(-0.003 -0.0015 0.06264836619)
(0.003 -0.0015 0.06264836619)
(-0.003 0.0015 0.06264836619)
(0.003 0.0015 0.06264836619)
(-0.003 -0.0015 0.06310557999)
(0.003 -0.0015 0.06310557999)
(-0.003 0.0015 0.06310557999)
(0.003 0.0015 0.06310557999)
(-0.003 -0.0015 0.06356840259)
(0.003 -0.0015 0.06356840259)
(-0.003 0.0015 0.06356840259)
(0.003 0.0015 0.06356840259)
(-0.003 -0.0015 0.06403690279)
(0.003 -0.0015 0.06403690279)
(-0.003 0.0015 0.06403690279)
(0.003 0.0015 0.06403690279)
(-0.003 -0.0015 0.06451115025)
(0.003 -0.0015 0.06451115025)
(-0.003 0.0015 0.06451115025)
(0.003 0.0015 0.06451115025)
(-0.003 -0.0015 0.06499121547)
(0.003 -0.0015 0.06499121547)
(-0.003 0.0015 0.06499121547)
(0.003 0.0015 0.06499121547)
(-0.003 -0.0015 0.06547716981)
(0.003 -0.0015 0.06547716981)
(-0.003 0.0015 0.06547716981)
(0.003 0.0015 0.06547716981)
(-0.003 -0.0015 0.06596908552)
(0.003 -0.0015 0.06596908552)
(-0.003 0.0015 0.06596908552)
(0.003 0.0015 0.06596908552)
(-0.003 -0.0015 0.06646703573)
(0.003 -0.0015 0.06646703573)
(-0.003 0.0015 0.06646703573)
(0.003 0.0015 0.06646703573)
(-0.003 -0.0015 0.06697109447)
(0.003 -0.0015 0.06697109447)
(-0.003 0.0015 0.06697109447)
(0.003 0.0015 0.06697109447)
(-0.003 -0.0015 0.06748133667)
(0.003 -0.0015 0.06748133667)
(-0.003 0.0015 0.06748133667)
(0.003 0.0015 0.06748133667)
(-0.003 -0.0015 0.06799783819)
(0.003 -0.0015 0.06799783819)
(-0.003 0.0015 0.06799783819)
(0.003 0.0015 0.06799783819)
(-0.003 -0.0015 0.06852067581)
(0.003 -0.0015 0.06852067581)
(-0.003 0.0015 0.06852067581)
(0.003 0.0015 0.06852067581)
(-0.003 -0.0015 0.06904992726)
(0.003 -0.0015 0.06904992726)
(-0.003 0.0015 0.06904992726)
(0.003 0.0015 0.06904992726)
(-0.003 -0.0015 0.06958567122)
(0.003 -0.0015 0.06958567122)
(-0.003 0.0015 0.06958567122)
(0.003 0.0015 0.06958567122)
(-0.003 -0.0015 0.07012798734)
(0.003 -0.0015 0.07012798734)
(-0.003 0.0015 0.07012798734)
(0.003 0.0015 0.07012798734)
(-0.003 -0.0015 0.07067695624)
(0.003 -0.0015 0.07067695624)
(-0.003 0.0015 0.07067695624)
(0.003 0.0015 0.07067695624)
(-0.003 -0.0015 0.07123265953)
(0.003 -0.0015 0.07123265953)
(-0.003 0.0015 0.07123265953)
(0.003 0.0015 0.07123265953)
(-0.003 -0.0015 0.07179517982)
(0.003 -0.0015 0.07179517982)
(-0.003 0.0015 0.07179517982)
(0.003 0.0015 0.07179517982)
(-0.003 -0.0015 0.07236460074)
(0.003 -0.0015 0.07236460074)
(-0.003 0.0015 0.07236460074)
(0.003 0.0015 0.07236460074)
(-0.003 -0.0015 0.07294100695)
(0.003 -0.0015 0.07294100695)
(-0.003 0.0015 0.07294100695)
(0.003 0.0015 0.07294100695)
(-0.003 -0.0015 0.07352448413)
(0.003 -0.0015 0.07352448413)
(-0.003 0.0015 0.07352448413)
(0.003 0.0015 0.07352448413)
(-0.003 -0.0015 0.07411511903)
(0.003 -0.0015 0.07411511903)
(-0.003 0.0015 0.07411511903)
(0.003 0.0015 0.07411511903)
(-0.003 -0.0015 0.07471299945)
(0.003 -0.0015 0.07471299945)
(-0.003 0.0015 0.07471299945)
(0.003 0.0015 0.07471299945)
(-0.003 -0.0015 0.07531821427)
(0.003 -0.0015 0.07531821427)
(-0.003 0.0015 0.07531821427)
(0.003 0.0015 0.07531821427)
(-0.003 -0.0015 0.07593085348)
(0.003 -0.0015 0.07593085348)
(-0.003 0.0015 0.07593085348)
(0.003 0.0015 0.07593085348)
(-0.003 -0.0015 0.07655100814)
(0.003 -0.0015 0.07655100814)
(-0.003 0.0015 0.07655100814)
(0.003 0.0015 0.07655100814)
(-0.003 -0.0015 0.07717877045)
(0.003 -0.0015 0.07717877045)
(-0.003 0.0015 0.07717877045)
(0.003 0.0015 0.07717877045)
(-0.003 -0.0015 0.07781423374)
(0.003 -0.0015 0.07781423374)
(-0.003 0.0015 0.07781423374)
(0.003 0.0015 0.07781423374)
(-0.003 -0.0015 0.07845749248)
(0.003 -0.0015 0.07845749248)
(-0.003 0.0015 0.07845749248)
(0.003 0.0015 0.07845749248)
(-0.003 -0.0015 0.07910864229)
(0.003 -0.0015 0.07910864229)
(-0.003 0.0015 0.07910864229)
(0.003 0.0015 0.07910864229)
(-0.003 -0.0015 0.07976777999)
(0.003 -0.0015 0.07976777999)
(-0.003 0.0015 0.07976777999)
(0.003 0.0015 0.07976777999)
(-0.003 -0.0015 0.08043500355)
(0.003 -0.0015 0.08043500355)
(-0.003 0.0015 0.08043500355)
(0.003 0.0015 0.08043500355)
(-0.003 -0.0015 0.08111041218)
(0.003 -0.0015 0.08111041218)
(-0.003 0.0015 0.08111041218)
(0.003 0.0015 0.08111041218)
(-0.003 -0.0015 0.08179410628)
(0.003 -0.0015 0.08179410628)
(-0.003 0.0015 0.08179410628)
(0.003 0.0015 0.08179410628)
(-0.003 -0.0015 0.08248618749)
(0.003 -0.0015 0.08248618749)
(-0.003 0.0015 0.08248618749)
(0.003 0.0015 0.08248618749)
(-0.003 -0.0015 0.0831867587)
(0.003 -0.0015 0.0831867587)
(-0.003 0.0015 0.0831867587)
(0.003 0.0015 0.0831867587)
(-0.003 -0.0015 0.08389592406)
(0.003 -0.0015 0.08389592406)
(-0.003 0.0015 0.08389592406)
(0.003 0.0015 0.08389592406)
(-0.003 -0.0015 0.08461378899)
(0.003 -0.0015 0.08461378899)
(-0.003 0.0015 0.08461378899)
(0.003 0.0015 0.08461378899)
(-0.003 -0.0015 0.08534046022)
(0.003 -0.0015 0.08534046022)
(-0.003 0.0015 0.08534046022)
(0.003 0.0015 0.08534046022)
(-0.003 -0.0015 0.08607604578)
(0.003 -0.0015 0.08607604578)
(-0.003 0.0015 0.08607604578)
(0.003 0.0015 0.08607604578)
(-0.003 -0.0015 0.08682065503)
(0.003 -0.0015 0.08682065503)
(-0.003 0.0015 0.08682065503)
(0.003 0.0015 0.08682065503)
(-0.003 -0.0015 0.08757439865)
(0.003 -0.0015 0.08757439865)
(-0.003 0.0015 0.08757439865)
(0.003 0.0015 0.08757439865)
(-0.003 -0.0015 0.0883373887)
(0.003 -0.0015 0.0883373887)
(-0.003 0.0015 0.0883373887)
(0.003 0.0015 0.0883373887)
(-0.003 -0.0015 0.08910973862)
(0.003 -0.0015 0.08910973862)
(-0.003 0.0015 0.08910973862)
(0.003 0.0015 0.08910973862)
(-0.003 -0.0015 0.08989156322)
(0.003 -0.0015 0.08989156322)
(-0.003 0.0015 0.08989156322)
(0.003 0.0015 0.08989156322)
(-0.003 -0.0015 0.09068297873)
(0.003 -0.0015 0.09068297873)
(-0.003 0.0015 0.09068297873)
(0.003 0.0015 0.09068297873)
(-0.003 -0.0015 0.09148410281)
(0.003 -0.0015 0.09148410281)
(-0.003 0.0015 0.09148410281)
(0.003 0.0015 0.09148410281)
(-0.003 -0.0015 0.09229505455)
(0.003 -0.0015 0.09229505455)
(-0.003 0.0015 0.09229505455)
(0.003 0.0015 0.09229505455)
(-0.003 -0.0015 0.09311595453)
(0.003 -0.0015 0.09311595453)
(-0.003 0.0015 0.09311595453)
(0.003 0.0015 0.09311595453)
(-0.003 -0.0015 0.09394692476)
(0.003 -0.0015 0.09394692476)
(-0.003 0.0015 0.09394692476)
(0.003 0.0015 0.09394692476)
(-0.003 -0.0015 0.0947880888)
(0.003 -0.0015 0.0947880888)
(-0.003 0.0015 0.0947880888)
(0.003 0.0015 0.0947880888)
(-0.003 -0.0015 0.09563957168)
(0.003 -0.0015 0.09563957168)
(-0.003 0.0015 0.09563957168)
(0.003 0.0015 0.09563957168)
(-0.003 -0.0015 0.0965015)
(0.003 -0.0015 0.0965015)
(-0.003 0.0015 0.0965015)
(0.003 0.0015 0.0965015)
(-0.003 -0.0015 0.09737400189)
(0.003 -0.0015 0.09737400189)
(-0.003 0.0015 0.09737400189)
(0.003 0.0015 0.09737400189)
(-0.003 -0.0015 0.09825720706)
(0.003 -0.0015 0.09825720706)
(-0.003 0.0015 0.09825720706)
(0.003 0.0015 0.09825720706)
(-0.003 -0.0015 0.09915124682)
(0.003 -0.0015 0.09915124682)
(-0.003 0.0015 0.09915124682)
(0.003 0.0015 0.09915124682)
(-0.003 -0.0015 0.1000562541)
(0.003 -0.0015 0.1000562541)
(-0.003 0.0015 0.1000562541)
(0.003 0.0015 0.1000562541)
(-0.003 -0.0015 0.1009723634)
(0.003 -0.0015 0.1009723634)
(-0.003 0.0015 0.1009723634)
(0.003 0.0015 0.1009723634)
(-0.003 -0.0015 0.1018997109)
(0.003 -0.0015 0.1018997109)
(-0.003 0.0015 0.1018997109)
(0.003 0.0015 0.1018997109)
(-0.003 -0.0015 0.1028384345)
(0.003 -0.0015 0.1028384345)
(-0.003 0.0015 0.1028384345)
(0.003 0.0015 0.1028384345)
(-0.003 -0.0015 0.1037886737)
(0.003 -0.0015 0.1037886737)
(-0.003 0.0015 0.1037886737)
(0.003 0.0015 0.1037886737)
(-0.003 -0.0015 0.1047505699)
(0.003 -0.0015 0.1047505699)
(-0.003 0.0015 0.1047505699)
(0.003 0.0015 0.1047505699)
(-0.003 -0.0015 0.105724266)
(0.003 -0.0015 0.105724266)
(-0.003 0.0015 0.105724266)
(0.003 0.0015 0.105724266)
(-0.003 -0.0015 0.1067099067)
(0.003 -0.0015 0.1067099067)
(-0.003 0.0015 0.1067099067)
(0.003 0.0015 0.1067099067)
(-0.003 -0.0015 0.1077076387)
(0.003 -0.0015 0.1077076387)
(-0.003 0.0015 0.1077076387)
(0.003 0.0015 0.1077076387)
(-0.003 -0.0015 0.1087176102)
(0.003 -0.0015 0.1087176102)
(-0.003 0.0015 0.1087176102)
(0.003 0.0015 0.1087176102)
(-0.003 -0.0015 0.1097399713)
(0.003 -0.0015 0.1097399713)
(-0.003 0.0015 0.1097399713)
(0.003 0.0015 0.1097399713)
(-0.003 -0.0015 0.1107748741)
(0.003 -0.0015 0.1107748741)
(-0.003 0.0015 0.1107748741)
(0.003 0.0015 0.1107748741)
(-0.003 -0.0015 0.1118224724)
(0.003 -0.0015 0.1118224724)
(-0.003 0.0015 0.1118224724)
(0.003 0.0015 0.1118224724)
(-0.003 -0.0015 0.1128829219)
(0.003 -0.0015 0.1128829219)
(-0.003 0.0015 0.1128829219)
(0.003 0.0015 0.1128829219)
(-0.003 -0.0015 0.1139563804)
(0.003 -0.0015 0.1139563804)
(-0.003 0.0015 0.1139563804)
(0.003 0.0015 0.1139563804)
(-0.003 -0.0015 0.1150430073)
(0.003 -0.0015 0.1150430073)
(-0.003 0.0015 0.1150430073)
(0.003 0.0015 0.1150430073)
(-0.003 -0.0015 0.1161429643)
(0.003 -0.0015 0.1161429643)
(-0.003 0.0015 0.1161429643)
(0.003 0.0015 0.1161429643)
(-0.003 -0.0015 0.1172564148)
(0.003 -0.0015 0.1172564148)
(-0.003 0.0015 0.1172564148)
(0.003 0.0015 0.1172564148)
(-0.003 -0.0015 0.1183835244)
(0.003 -0.0015 0.1183835244)
(-0.003 0.0015 0.1183835244)
(0.003 0.0015 0.1183835244)
(-0.003 -0.0015 0.1195244607)
(0.003 -0.0015 0.1195244607)
(-0.003 0.0015 0.1195244607)
(0.003 0.0015 0.1195244607)
(-0.003 -0.0015 0.1206793932)
(0.003 -0.0015 0.1206793932)
(-0.003 0.0015 0.1206793932)
(0.003 0.0015 0.1206793932)
(-0.003 -0.0015 0.1218484937)
(0.003 -0.0015 0.1218484937)
(-0.003 0.0015 0.1218484937)
(0.003 0.0015 0.1218484937)
(-0.003 -0.0015 0.1230319359)
(0.003 -0.0015 0.1230319359)
(-0.003 0.0015 0.1230319359)
(0.003 0.0015 0.1230319359)
(-0.003 -0.0015 0.1242298958)
(0.003 -0.0015 0.1242298958)
(-0.003 0.0015 0.1242298958)
(0.003 0.0015 0.1242298958)
(-0.003 -0.0015 0.1254425515)
(0.003 -0.0015 0.1254425515)
(-0.003 0.0015 0.1254425515)
(0.003 0.0015 0.1254425515)
(-0.003 -0.0015 0.1266700833)
(0.003 -0.0015 0.1266700833)
(-0.003 0.0015 0.1266700833)
(0.003 0.0015 0.1266700833)
(-0.003 -0.0015 0.1279126736)
(0.003 -0.0015 0.1279126736)
(-0.003 0.0015 0.1279126736)
(0.003 0.0015 0.1279126736)
(-0.003 -0.0015 0.1291705072)
(0.003 -0.0015 0.1291705072)
(-0.003 0.0015 0.1291705072)
(0.003 0.0015 0.1291705072)
(-0.003 -0.0015 0.1304437711)
(0.003 -0.0015 0.1304437711)
(-0.003 0.0015 0.1304437711)
(0.003 0.0015 0.1304437711)
(-0.003 -0.0015 0.1317326546)
(0.003 -0.0015 0.1317326546)
(-0.003 0.0015 0.1317326546)
(0.003 0.0015 0.1317326546)
(-0.003 -0.0015 0.1330373492)
(0.003 -0.0015 0.1330373492)
(-0.003 0.0015 0.1330373492)
(0.003 0.0015 0.1330373492)
(-0.003 -0.0015 0.134358049)
(0.003 -0.0015 0.134358049)
(-0.003 0.0015 0.134358049)
(0.003 0.0015 0.134358049)
(-0.003 -0.0015 0.1356949502)
(0.003 -0.0015 0.1356949502)
(-0.003 0.0015 0.1356949502)
(0.003 0.0015 0.1356949502)
(-0.003 -0.0015 0.1370482517)
(0.003 -0.0015 0.1370482517)
(-0.003 0.0015 0.1370482517)
(0.003 0.0015 0.1370482517)
(-0.003 -0.0015 0.1384181546)
(0.003 -0.0015 0.1384181546)
(-0.003 0.0015 0.1384181546)
(0.003 0.0015 0.1384181546)
(-0.003 -0.0015 0.1398048626)
(0.003 -0.0015 0.1398048626)
(-0.003 0.0015 0.1398048626)
(0.003 0.0015 0.1398048626)
(-0.003 -0.0015 0.1412085818)
(0.003 -0.0015 0.1412085818)
(-0.003 0.0015 0.1412085818)
(0.003 0.0015 0.1412085818)
(-0.003 -0.0015 0.1426295209)
(0.003 -0.0015 0.1426295209)
(-0.003 0.0015 0.1426295209)
(0.003 0.0015 0.1426295209)
(-0.003 -0.0015 0.1440678912)
(0.003 -0.0015 0.1440678912)
(-0.003 0.0015 0.1440678912)
(0.003 0.0015 0.1440678912)
(-0.003 -0.0015 0.1455239065)
(0.003 -0.0015 0.1455239065)
(-0.003 0.0015 0.1455239065)
(0.003 0.0015 0.1455239065)
(-0.003 -0.0015 0.1469977831)
(0.003 -0.0015 0.1469977831)
(-0.003 0.0015 0.1469977831)
(0.003 0.0015 0.1469977831)
(-0.003 -0.0015 0.1484897404)
(0.003 -0.0015 0.1484897404)
(-0.003 0.0015 0.1484897404)
(0.003 0.0015 0.1484897404)
(-0.003 -0.0015 0.15)
(0.003 -0.0015 0.15)
(-0.003 0.0015 0.15)
(0.003 0.0015 0.15)
(-0.003 -0.0015 0.1515151515)
(0.003 -0.0015 0.1515151515)
(-0.003 0.0015 0.1515151515)
(0.003 0.0015 0.1515151515)
(-0.003 -0.0015 0.153030303)
(0.003 -0.0015 0.153030303)
(-0.003 0.0015 0.153030303)
(0.003 0.0015 0.153030303)
(-0.003 -0.0015 0.1545454545)
(0.003 -0.0015 0.1545454545)
(-0.003 0.0015 0.1545454545)
(0.003 0.0015 0.1545454545)
(-0.003 -0.0015 0.1560606061)
(0.003 -0.0015 0.1560606061)
(-0.003 0.0015 0.1560606061)
(0.003 0.0015 0.1560606061)
(-0.003 -0.0015 0.1575757576)
(0.003 -0.0015 0.1575757576)
(-0.003 0.0015 0.1575757576)
(0.003 0.0015 0.1575757576)
(-0.003 -0.0015 0.1590909091)
(0.003 -0.0015 0.1590909091)
(-0.003 0.0015 0.1590909091)
(0.003 0.0015 0.1590909091)
(-0.003 -0.0015 0.1606060606)
(0.003 -0.0015 0.1606060606)
(-0.003 0.0015 0.1606060606)
(0.003 0.0015 0.1606060606)
(-0.003 -0.0015 0.1621212121)
(0.003 -0.0015 0.1621212121)
(-0.003 0.0015 0.1621212121)
(0.003 0.0015 0.1621212121)
(-0.003 -0.0015 0.1636363636)
(0.003 -0.0015 0.1636363636)
(-0.003 0.0015 0.1636363636)
(0.003 0.0015 0.1636363636)
(-0.003 -0.0015 0.1651515152)
(0.003 -0.0015 0.1651515152)
(-0.003 0.0015 0.1651515152)
(0.003 0.0015 0.1651515152)
(-0.003 -0.0015 0.1666666667)
(0.003 -0.0015 0.1666666667)
(-0.003 0.0015 0.1666666667)
(0.003 0.0015 0.1666666667)
(-0.003 -0.0015 0.1681818182)
(0.003 -0.0015 0.1681818182)
(-0.003 0.0015 0.1681818182)
(0.003 0.0015 0.1681818182)
(-0.003 -0.0015 0.1696969697)
(0.003 -0.0015 0.1696969697)
(-0.003 0.0015 0.1696969697)
(0.003 0.0015 0.1696969697)
(-0.003 -0.0015 0.1712121212)
(0.003 -0.0015 0.1712121212)
(-0.003 0.0015 0.1712121212)
(0.003 0.0015 0.1712121212)
(-0.003 -0.0015 0.1727272727)
(0.003 -0.0015 0.1727272727)
(-0.003 0.0015 0.1727272727)
(0.003 0.0015 0.1727272727)
(-0.003 -0.0015 0.1742424242)
(0.003 -0.0015 0.1742424242)
(-0.003 0.0015 0.1742424242)
(0.003 0.0015 0.1742424242)
(-0.003 -0.0015 0.1757575758)
(0.003 -0.0015 0.1757575758)
(-0.003 0.0015 0.1757575758)
(0.003 0.0015 0.1757575758)
(-0.003 -0.0015 0.1772727273)
(0.003 -0.0015 0.1772727273)
(-0.003 0.0015 0.1772727273)
(0.003 0.0015 0.1772727273)
(-0.003 -0.0015 0.1787878788)
(0.003 -0.0015 0.1787878788)
(-0.003 0.0015 0.1787878788)
(0.003 0.0015 0.1787878788)
(-0.003 -0.0015 0.1803030303)
(0.003 -0.0015 0.1803030303)
(-0.003 0.0015 0.1803030303)
(0.003 0.0015 0.1803030303)
(-0.003 -0.0015 0.1818181818)
(0.003 -0.0015 0.1818181818)
(-0.003 0.0015 0.1818181818)
(0.003 0.0015 0.1818181818)
(-0.003 -0.0015 0.1833333333)
(0.003 -0.0015 0.1833333333)
(-0.003 0.0015 0.1833333333)
(0.003 0.0015 0.1833333333)
(-0.003 -0.0015 0.1848484848)
(0.003 -0.0015 0.1848484848)
(-0.003 0.0015 0.1848484848)
(0.003 0.0015 0.1848484848)
(-0.003 -0.0015 0.1863636364)
(0.003 -0.0015 0.1863636364)
(-0.003 0.0015 0.1863636364)
(0.003 0.0015 0.1863636364)
(-0.003 -0.0015 0.1878787879)
(0.003 -0.0015 0.1878787879)
(-0.003 0.0015 0.1878787879)
(0.003 0.0015 0.1878787879)
(-0.003 -0.0015 0.1893939394)
(0.003 -0.0015 0.1893939394)
(-0.003 0.0015 0.1893939394)
(0.003 0.0015 0.1893939394)
(-0.003 -0.0015 0.1909090909)
(0.003 -0.0015 0.1909090909)
(-0.003 0.0015 0.1909090909)
(0.003 0.0015 0.1909090909)
(-0.003 -0.0015 0.1924242424)
(0.003 -0.0015 0.1924242424)
(-0.003 0.0015 0.1924242424)
(0.003 0.0015 0.1924242424)
(-0.003 -0.0015 0.1939393939)
(0.003 -0.0015 0.1939393939)
(-0.003 0.0015 0.1939393939)
(0.003 0.0015 0.1939393939)
(-0.003 -0.0015 0.1954545455)
(0.003 -0.0015 0.1954545455)
(-0.003 0.0015 0.1954545455)
(0.003 0.0015 0.1954545455)
(-0.003 -0.0015 0.196969697)
(0.003 -0.0015 0.196969697)
(-0.003 0.0015 0.196969697)
(0.003 0.0015 0.196969697)
(-0.003 -0.0015 0.1984848485)
(0.003 -0.0015 0.1984848485)
(-0.003 0.0015 0.1984848485)
(0.003 0.0015 0.1984848485)
(-0.003 -0.0015 0.2)
(0.003 -0.0015 0.2)
(-0.003 0.0015 0.2)
(0.003 0.0015 0.2)
(-0.003 -0.0015 0.2015151515)
(0.003 -0.0015 0.2015151515)
(-0.003 0.0015 0.2015151515)
(0.003 0.0015 0.2015151515)
(-0.003 -0.0015 0.203030303)
(0.003 -0.0015 0.203030303)
(-0.003 0.0015 0.203030303)
(0.003 0.0015 0.203030303)
(-0.003 -0.0015 0.2045454545)
(0.003 -0.0015 0.2045454545)
(-0.003 0.0015 0.2045454545)
(0.003 0.0015 0.2045454545)
(-0.003 -0.0015 0.2060606061)
(0.003 -0.0015 0.2060606061)
(-0.003 0.0015 0.2060606061)
(0.003 0.0015 0.2060606061)
(-0.003 -0.0015 0.2075757576)
(0.003 -0.0015 0.2075757576)
(-0.003 0.0015 0.2075757576)
(0.003 0.0015 0.2075757576)
(-0.003 -0.0015 0.2090909091)
(0.003 -0.0015 0.2090909091)
(-0.003 0.0015 0.2090909091)
(0.003 0.0015 0.2090909091)
(-0.003 -0.0015 0.2106060606)
(0.003 -0.0015 0.2106060606)
(-0.003 0.0015 0.2106060606)
(0.003 0.0015 0.2106060606)
(-0.003 -0.0015 0.2121212121)
(0.003 -0.0015 0.2121212121)
(-0.003 0.0015 0.2121212121)
(0.003 0.0015 0.2121212121)
(-0.003 -0.0015 0.2136363636)
(0.003 -0.0015 0.2136363636)
(-0.003 0.0015 0.2136363636)
(0.003 0.0015 0.2136363636)
(-0.003 -0.0015 0.2151515152)
(0.003 -0.0015 0.2151515152)
(-0.003 0.0015 0.2151515152)
(0.003 0.0015 0.2151515152)
(-0.003 -0.0015 0.2166666667)
(0.003 -0.0015 0.2166666667)
(-0.003 0.0015 0.2166666667)
(0.003 0.0015 0.2166666667)
(-0.003 -0.0015 0.2181818182)
(0.003 -0.0015 0.2181818182)
(-0.003 0.0015 0.2181818182)
(0.003 0.0015 0.2181818182)
(-0.003 -0.0015 0.2196969697)
(0.003 -0.0015 0.2196969697)
(-0.003 0.0015 0.2196969697)
(0.003 0.0015 0.2196969697)
(-0.003 -0.0015 0.2212121212)
(0.003 -0.0015 0.2212121212)
(-0.003 0.0015 0.2212121212)
(0.003 0.0015 0.2212121212)
(-0.003 -0.0015 0.2227272727)
(0.003 -0.0015 0.2227272727)
(-0.003 0.0015 0.2227272727)
(0.003 0.0015 0.2227272727)
(-0.003 -0.0015 0.2242424242)
(0.003 -0.0015 0.2242424242)
(-0.003 0.0015 0.2242424242)
(0.003 0.0015 0.2242424242)
(-0.003 -0.0015 0.2257575758)
(0.003 -0.0015 0.2257575758)
(-0.003 0.0015 0.2257575758)
(0.003 0.0015 0.2257575758)
(-0.003 -0.0015 0.2272727273)
(0.003 -0.0015 0.2272727273)
(-0.003 0.0015 0.2272727273)
(0.003 0.0015 0.2272727273)
(-0.003 -0.0015 0.2287878788)
(0.003 -0.0015 0.2287878788)
(-0.003 0.0015 0.2287878788)
(0.003 0.0015 0.2287878788)
(-0.003 -0.0015 0.2303030303)
(0.003 -0.0015 0.2303030303)
(-0.003 0.0015 0.2303030303)
(0.003 0.0015 0.2303030303)
(-0.003 -0.0015 0.2318181818)
(0.003 -0.0015 0.2318181818)
(-0.003 0.0015 0.2318181818)
(0.003 0.0015 0.2318181818)
(-0.003 -0.0015 0.2333333333)
(0.003 -0.0015 0.2333333333)
(-0.003 0.0015 0.2333333333)
(0.003 0.0015 0.2333333333)
(-0.003 -0.0015 0.2348484848)
(0.003 -0.0015 0.2348484848)
(-0.003 0.0015 0.2348484848)
(0.003 0.0015 0.2348484848)
(-0.003 -0.0015 0.2363636364)
(0.003 -0.0015 0.2363636364)
(-0.003 0.0015 0.2363636364)
(0.003 0.0015 0.2363636364)
(-0.003 -0.0015 0.2378787879)
(0.003 -0.0015 0.2378787879)
(-0.003 0.0015 0.2378787879)
(0.003 0.0015 0.2378787879)
(-0.003 -0.0015 0.2393939394)
(0.003 -0.0015 0.2393939394)
(-0.003 0.0015 0.2393939394)
(0.003 0.0015 0.2393939394)
(-0.003 -0.0015 0.2409090909)
(0.003 -0.0015 0.2409090909)
(-0.003 0.0015 0.2409090909)
(0.003 0.0015 0.2409090909)
(-0.003 -0.0015 0.2424242424)
(0.003 -0.0015 0.2424242424)
(-0.003 0.0015 0.2424242424)
(0.003 0.0015 0.2424242424)
(-0.003 -0.0015 0.2439393939)
(0.003 -0.0015 0.2439393939)
(-0.003 0.0015 0.2439393939)
(0.003 0.0015 0.2439393939)
(-0.003 -0.0015 0.2454545455)
(0.003 -0.0015 0.2454545455)
(-0.003 0.0015 0.2454545455)
(0.003 0.0015 0.2454545455)
(-0.003 -0.0015 0.246969697)
(0.003 -0.0015 0.246969697)
(-0.003 0.0015 0.246969697)
(0.003 0.0015 0.246969697)
(-0.003 -0.0015 0.2484848485)
(0.003 -0.0015 0.2484848485)
(-0.003 0.0015 0.2484848485)
(0.003 0.0015 0.2484848485)
(-0.003 -0.0015 0.25)
(0.003 -0.0015 0.25)
(-0.003 0.0015 0.25)
(0.003 0.0015 0.25)
(-0.003 -0.0015 0.2515151515)
(0.003 -0.0015 0.2515151515)
(-0.003 0.0015 0.2515151515)
(0.003 0.0015 0.2515151515)
(-0.003 -0.0015 0.253030303)
(0.003 -0.0015 0.253030303)
(-0.003 0.0015 0.253030303)
(0.003 0.0015 0.253030303)
(-0.003 -0.0015 0.2545454545)
(0.003 -0.0015 0.2545454545)
(-0.003 0.0015 0.2545454545)
(0.003 0.0015 0.2545454545)
(-0.003 -0.0015 0.2560606061)
(0.003 -0.0015 0.2560606061)
(-0.003 0.0015 0.2560606061)
(0.003 0.0015 0.2560606061)
(-0.003 -0.0015 0.2575757576)
(0.003 -0.0015 0.2575757576)
(-0.003 0.0015 0.2575757576)
(0.003 0.0015 0.2575757576)
(-0.003 -0.0015 0.2590909091)
(0.003 -0.0015 0.2590909091)
(-0.003 0.0015 0.2590909091)
(0.003 0.0015 0.2590909091)
(-0.003 -0.0015 0.2606060606)
(0.003 -0.0015 0.2606060606)
(-0.003 0.0015 0.2606060606)
(0.003 0.0015 0.2606060606)
(-0.003 -0.0015 0.2621212121)
(0.003 -0.0015 0.2621212121)
(-0.003 0.0015 0.2621212121)
(0.003 0.0015 0.2621212121)
(-0.003 -0.0015 0.2636363636)
(0.003 -0.0015 0.2636363636)
(-0.003 0.0015 0.2636363636)
(0.003 0.0015 0.2636363636)
(-0.003 -0.0015 0.2651515152)
(0.003 -0.0015 0.2651515152)
(-0.003 0.0015 0.2651515152)
(0.003 0.0015 0.2651515152)
(-0.003 -0.0015 0.2666666667)
(0.003 -0.0015 0.2666666667)
(-0.003 0.0015 0.2666666667)
(0.003 0.0015 0.2666666667)
(-0.003 -0.0015 0.2681818182)
(0.003 -0.0015 0.2681818182)
(-0.003 0.0015 0.2681818182)
(0.003 0.0015 0.2681818182)
(-0.003 -0.0015 0.2696969697)
(0.003 -0.0015 0.2696969697)
(-0.003 0.0015 0.2696969697)
(0.003 0.0015 0.2696969697)
(-0.003 -0.0015 0.2712121212)
(0.003 -0.0015 0.2712121212)
(-0.003 0.0015 0.2712121212)
(0.003 0.0015 0.2712121212)
(-0.003 -0.0015 0.2727272727)
(0.003 -0.0015 0.2727272727)
(-0.003 0.0015 0.2727272727)
(0.003 0.0015 0.2727272727)
(-0.003 -0.0015 0.2742424242)
(0.003 -0.0015 0.2742424242)
(-0.003 0.0015 0.2742424242)
(0.003 0.0015 0.2742424242)
(-0.003 -0.0015 0.2757575758)
(0.003 -0.0015 0.2757575758)
(-0.003 0.0015 0.2757575758)
(0.003 0.0015 0.2757575758)
(-0.003 -0.0015 0.2772727273)
(0.003 -0.0015 0.2772727273)
(-0.003 0.0015 0.2772727273)
(0.003 0.0015 0.2772727273)
(-0.003 -0.0015 0.2787878788)
(0.003 -0.0015 0.2787878788)
(-0.003 0.0015 0.2787878788)
(0.003 0.0015 0.2787878788)
(-0.003 -0.0015 0.2803030303)
(0.003 -0.0015 0.2803030303)
(-0.003 0.0015 0.2803030303)
(0.003 0.0015 0.2803030303)
(-0.003 -0.0015 0.2818181818)
(0.003 -0.0015 0.2818181818)
(-0.003 0.0015 0.2818181818)
(0.003 0.0015 0.2818181818)
(-0.003 -0.0015 0.2833333333)
(0.003 -0.0015 0.2833333333)
(-0.003 0.0015 0.2833333333)
(0.003 0.0015 0.2833333333)
(-0.003 -0.0015 0.2848484848)
(0.003 -0.0015 0.2848484848)
(-0.003 0.0015 0.2848484848)
(0.003 0.0015 0.2848484848)
(-0.003 -0.0015 0.2863636364)
(0.003 -0.0015 0.2863636364)
(-0.003 0.0015 0.2863636364)
(0.003 0.0015 0.2863636364)
(-0.003 -0.0015 0.2878787879)
(0.003 -0.0015 0.2878787879)
(-0.003 0.0015 0.2878787879)
(0.003 0.0015 0.2878787879)
(-0.003 -0.0015 0.2893939394)
(0.003 -0.0015 0.2893939394)
(-0.003 0.0015 0.2893939394)
(0.003 0.0015 0.2893939394)
(-0.003 -0.0015 0.2909090909)
(0.003 -0.0015 0.2909090909)
(-0.003 0.0015 0.2909090909)
(0.003 0.0015 0.2909090909)
(-0.003 -0.0015 0.2924242424)
(0.003 -0.0015 0.2924242424)
(-0.003 0.0015 0.2924242424)
(0.003 0.0015 0.2924242424)
(-0.003 -0.0015 0.2939393939)
(0.003 -0.0015 0.2939393939)
(-0.003 0.0015 0.2939393939)
(0.003 0.0015 0.2939393939)
(-0.003 -0.0015 0.2954545455)
(0.003 -0.0015 0.2954545455)
(-0.003 0.0015 0.2954545455)
(0.003 0.0015 0.2954545455)
(-0.003 -0.0015 0.296969697)
(0.003 -0.0015 0.296969697)
(-0.003 0.0015 0.296969697)
(0.003 0.0015 0.296969697)
(-0.003 -0.0015 0.2984848485)
(0.003 -0.0015 0.2984848485)
(-0.003 0.0015 0.2984848485)
(0.003 0.0015 0.2984848485)
(-0.003 -0.0015 0.3)
(0.003 -0.0015 0.3)
(-0.003 0.0015 0.3)
(0.003 0.0015 0.3)
(-0.003 -0.0015 0.3015151515)
(0.003 -0.0015 0.3015151515)
(-0.003 0.0015 0.3015151515)
(0.003 0.0015 0.3015151515)
(-0.003 -0.0015 0.303030303)
(0.003 -0.0015 0.303030303)
(-0.003 0.0015 0.303030303)
(0.003 0.0015 0.303030303)
(-0.003 -0.0015 0.3045454545)
(0.003 -0.0015 0.3045454545)
(-0.003 0.0015 0.3045454545)
(0.003 0.0015 0.3045454545)
(-0.003 -0.0015 0.3060606061)
(0.003 -0.0015 0.3060606061)
(-0.003 0.0015 0.3060606061)
(0.003 0.0015 0.3060606061)
(-0.003 -0.0015 0.3075757576)
(0.003 -0.0015 0.3075757576)
(-0.003 0.0015 0.3075757576)
(0.003 0.0015 0.3075757576)
(-0.003 -0.0015 0.3090909091)
(0.003 -0.0015 0.3090909091)
(-0.003 0.0015 0.3090909091)
(0.003 0.0015 0.3090909091)
(-0.003 -0.0015 0.3106060606)
(0.003 -0.0015 0.3106060606)
(-0.003 0.0015 0.3106060606)
(0.003 0.0015 0.3106060606)
(-0.003 -0.0015 0.3121212121)
(0.003 -0.0015 0.3121212121)
(-0.003 0.0015 0.3121212121)
(0.003 0.0015 0.3121212121)
(-0.003 -0.0015 0.3136363636)
(0.003 -0.0015 0.3136363636)
(-0.003 0.0015 0.3136363636)
(0.003 0.0015 0.3136363636)
(-0.003 -0.0015 0.3151515152)
(0.003 -0.0015 0.3151515152)
(-0.003 0.0015 0.3151515152)
(0.003 0.0015 0.3151515152)
(-0.003 -0.0015 0.3166666667)
(0.003 -0.0015 0.3166666667)
(-0.003 0.0015 0.3166666667)
(0.003 0.0015 0.3166666667)
(-0.003 -0.0015 0.3181818182)
(0.003 -0.0015 0.3181818182)
(-0.003 0.0015 0.3181818182)
(0.003 0.0015 0.3181818182)
(-0.003 -0.0015 0.3196969697)
(0.003 -0.0015 0.3196969697)
(-0.003 0.0015 0.3196969697)
(0.003 0.0015 0.3196969697)
(-0.003 -0.0015 0.3212121212)
(0.003 -0.0015 0.3212121212)
(-0.003 0.0015 0.3212121212)
(0.003 0.0015 0.3212121212)
(-0.003 -0.0015 0.3227272727)
(0.003 -0.0015 0.3227272727)
(-0.003 0.0015 0.3227272727)
(0.003 0.0015 0.3227272727)
(-0.003 -0.0015 0.3242424242)
(0.003 -0.0015 0.3242424242)
(-0.003 0.0015 0.3242424242)
(0.003 0.0015 0.3242424242)
(-0.003 -0.0015 0.3257575758)
(0.003 -0.0015 0.3257575758)
(-0.003 0.0015 0.3257575758)
(0.003 0.0015 0.3257575758)
(-0.003 -0.0015 0.3272727273)
(0.003 -0.0015 0.3272727273)
(-0.003 0.0015 0.3272727273)
(0.003 0.0015 0.3272727273)
(-0.003 -0.0015 0.3287878788)
(0.003 -0.0015 0.3287878788)
(-0.003 0.0015 0.3287878788)
(0.003 0.0015 0.3287878788)
(-0.003 -0.0015 0.3303030303)
(0.003 -0.0015 0.3303030303)
(-0.003 0.0015 0.3303030303)
(0.003 0.0015 0.3303030303)
(-0.003 -0.0015 0.3318181818)
(0.003 -0.0015 0.3318181818)
(-0.003 0.0015 0.3318181818)
(0.003 0.0015 0.3318181818)
(-0.003 -0.0015 0.3333333333)
(0.003 -0.0015 0.3333333333)
(-0.003 0.0015 0.3333333333)
(0.003 0.0015 0.3333333333)
(-0.003 -0.0015 0.3348484848)
(0.003 -0.0015 0.3348484848)
(-0.003 0.0015 0.3348484848)
(0.003 0.0015 0.3348484848)
(-0.003 -0.0015 0.3363636364)
(0.003 -0.0015 0.3363636364)
(-0.003 0.0015 0.3363636364)
(0.003 0.0015 0.3363636364)
(-0.003 -0.0015 0.3378787879)
(0.003 -0.0015 0.3378787879)
(-0.003 0.0015 0.3378787879)
(0.003 0.0015 0.3378787879)
(-0.003 -0.0015 0.3393939394)
(0.003 -0.0015 0.3393939394)
(-0.003 0.0015 0.3393939394)
(0.003 0.0015 0.3393939394)
(-0.003 -0.0015 0.3409090909)
(0.003 -0.0015 0.3409090909)
(-0.003 0.0015 0.3409090909)
(0.003 0.0015 0.3409090909)
(-0.003 -0.0015 0.3424242424)
(0.003 -0.0015 0.3424242424)
(-0.003 0.0015 0.3424242424)
(0.003 0.0015 0.3424242424)
(-0.003 -0.0015 0.3439393939)
(0.003 -0.0015 0.3439393939)
(-0.003 0.0015 0.3439393939)
(0.003 0.0015 0.3439393939)
(-0.003 -0.0015 0.3454545455)
(0.003 -0.0015 0.3454545455)
(-0.003 0.0015 0.3454545455)
(0.003 0.0015 0.3454545455)
(-0.003 -0.0015 0.346969697)
(0.003 -0.0015 0.346969697)
(-0.003 0.0015 0.346969697)
(0.003 0.0015 0.346969697)
(-0.003 -0.0015 0.3484848485)
(0.003 -0.0015 0.3484848485)
(-0.003 0.0015 0.3484848485)
(0.003 0.0015 0.3484848485)
(-0.003 -0.0015 0.35)
(0.003 -0.0015 0.35)
(-0.003 0.0015 0.35)
(0.003 0.0015 0.35)
(-0.003 -0.0015 0.3515151515)
(0.003 -0.0015 0.3515151515)
(-0.003 0.0015 0.3515151515)
(0.003 0.0015 0.3515151515)
(-0.003 -0.0015 0.353030303)
(0.003 -0.0015 0.353030303)
(-0.003 0.0015 0.353030303)
(0.003 0.0015 0.353030303)
(-0.003 -0.0015 0.3545454545)
(0.003 -0.0015 0.3545454545)
(-0.003 0.0015 0.3545454545)
(0.003 0.0015 0.3545454545)
(-0.003 -0.0015 0.3560606061)
(0.003 -0.0015 0.3560606061)
(-0.003 0.0015 0.3560606061)
(0.003 0.0015 0.3560606061)
(-0.003 -0.0015 0.3575757576)
(0.003 -0.0015 0.3575757576)
(-0.003 0.0015 0.3575757576)
(0.003 0.0015 0.3575757576)
(-0.003 -0.0015 0.3590909091)
(0.003 -0.0015 0.3590909091)
(-0.003 0.0015 0.3590909091)
(0.003 0.0015 0.3590909091)
(-0.003 -0.0015 0.3606060606)
(0.003 -0.0015 0.3606060606)
(-0.003 0.0015 0.3606060606)
(0.003 0.0015 0.3606060606)
(-0.003 -0.0015 0.3621212121)
(0.003 -0.0015 0.3621212121)
(-0.003 0.0015 0.3621212121)
(0.003 0.0015 0.3621212121)
(-0.003 -0.0015 0.3636363636)
(0.003 -0.0015 0.3636363636)
(-0.003 0.0015 0.3636363636)
(0.003 0.0015 0.3636363636)
(-0.003 -0.0015 0.3651515152)
(0.003 -0.0015 0.3651515152)
(-0.003 0.0015 0.3651515152)
(0.003 0.0015 0.3651515152)
(-0.003 -0.0015 0.3666666667)
(0.003 -0.0015 0.3666666667)
(-0.003 0.0015 0.3666666667)
(0.003 0.0015 0.3666666667)
(-0.003 -0.0015 0.3681818182)
(0.003 -0.0015 0.3681818182)
(-0.003 0.0015 0.3681818182)
(0.003 0.0015 0.3681818182)
(-0.003 -0.0015 0.3696969697)
(0.003 -0.0015 0.3696969697)
(-0.003 0.0015 0.3696969697)
(0.003 0.0015 0.3696969697)
(-0.003 -0.0015 0.3712121212)
(0.003 -0.0015 0.3712121212)
(-0.003 0.0015 0.3712121212)
(0.003 0.0015 0.3712121212)
(-0.003 -0.0015 0.3727272727)
(0.003 -0.0015 0.3727272727)
(-0.003 0.0015 0.3727272727)
(0.003 0.0015 0.3727272727)
(-0.003 -0.0015 0.3742424242)
(0.003 -0.0015 0.3742424242)
(-0.003 0.0015 0.3742424242)
(0.003 0.0015 0.3742424242)
(-0.003 -0.0015 0.3757575758)
(0.003 -0.0015 0.3757575758)
(-0.003 0.0015 0.3757575758)
(0.003 0.0015 0.3757575758)
(-0.003 -0.0015 0.3772727273)
(0.003 -0.0015 0.3772727273)
(-0.003 0.0015 0.3772727273)
(0.003 0.0015 0.3772727273)
(-0.003 -0.0015 0.3787878788)
(0.003 -0.0015 0.3787878788)
(-0.003 0.0015 0.3787878788)
(0.003 0.0015 0.3787878788)
(-0.003 -0.0015 0.3803030303)
(0.003 -0.0015 0.3803030303)
(-0.003 0.0015 0.3803030303)
(0.003 0.0015 0.3803030303)
(-0.003 -0.0015 0.3818181818)
(0.003 -0.0015 0.3818181818)
(-0.003 0.0015 0.3818181818)
(0.003 0.0015 0.3818181818)
(-0.003 -0.0015 0.3833333333)
(0.003 -0.0015 0.3833333333)
(-0.003 0.0015 0.3833333333)
(0.003 0.0015 0.3833333333)
(-0.003 -0.0015 0.3848484848)
(0.003 -0.0015 0.3848484848)
(-0.003 0.0015 0.3848484848)
(0.003 0.0015 0.3848484848)
(-0.003 -0.0015 0.3863636364)
(0.003 -0.0015 0.3863636364)
(-0.003 0.0015 0.3863636364)
(0.003 0.0015 0.3863636364)
(-0.003 -0.0015 0.3878787879)
(0.003 -0.0015 0.3878787879)
(-0.003 0.0015 0.3878787879)
(0.003 0.0015 0.3878787879)
(-0.003 -0.0015 0.3893939394)
(0.003 -0.0015 0.3893939394)
(-0.003 0.0015 0.3893939394)
(0.003 0.0015 0.3893939394)
(-0.003 -0.0015 0.3909090909)
(0.003 -0.0015 0.3909090909)
(-0.003 0.0015 0.3909090909)
(0.003 0.0015 0.3909090909)
(-0.003 -0.0015 0.3924242424)
(0.003 -0.0015 0.3924242424)
(-0.003 0.0015 0.3924242424)
(0.003 0.0015 0.3924242424)
(-0.003 -0.0015 0.3939393939)
(0.003 -0.0015 0.3939393939)
(-0.003 0.0015 0.3939393939)
(0.003 0.0015 0.3939393939)
(-0.003 -0.0015 0.3954545455)
(0.003 -0.0015 0.3954545455)
(-0.003 0.0015 0.3954545455)
(0.003 0.0015 0.3954545455)
(-0.003 -0.0015 0.396969697)
(0.003 -0.0015 0.396969697)
(-0.003 0.0015 0.396969697)
(0.003 0.0015 0.396969697)
(-0.003 -0.0015 0.3984848485)
(0.003 -0.0015 0.3984848485)
(-0.003 0.0015 0.3984848485)
(0.003 0.0015 0.3984848485)
(-0.003 -0.0015 0.4)
(0.003 -0.0015 0.4)
(-0.003 0.0015 0.4)
(0.003 0.0015 0.4)
)


// ************************************************************************* //
