/*--------------------------------*- C++ -*----------------------------------*\
| =========                 |                                                 |
| \\      /  F ield         | OpenFOAM: The Open Source CFD Toolbox           |
|  \\    /   O peration     | Version:  2.4.0                                 |
|   \\  /    A nd           | Web:      www.OpenFOAM.org                      |
|    \\/     M anipulation  |                                                 |
\*---------------------------------------------------------------------------*/
FoamFile
{
    version     2.0;
    format      ascii;
    class       volScalarField;
    location    "0";
    object      ccx;
}
// * * * * * * * * * * * * * * * * * * * * * * * * * * * * * * * * * * * * * //

dimensions      [0 1 0 0 0 0 0];

internalField   nonuniform List<scalar> 
635
(
0
0
0
0
7.03278e-20
7.03278e-20
7.03278e-20
1.03986e-19
1.03986e-19
0
1.03986e-19
0
1.03986e-19
0
0
0
0
7.03278e-20
0
0
0
7.03278e-20
0
0
0
7.03278e-20
0
0
0
0
0
0
0
0
0
-7.03278e-20
0
0
0
0
0
0
-7.03278e-20
0
0
0
0
0
0
0
-7.03278e-20
0
0
0
0
0
0
0
0
0
0
0
0
0
0
0
0
0
0
0
0
0
0
0
0
0
0
0
0
0
0
0
0
0
0
0
0
0
0
0
0
0
0
0
0
0
0
0
0
0
0
0
0
0
0
0
0
0
0
0
0
0
0
0
0
0
0
0
0
0
0
0
0
0
0
0
0
0
0
0
0
0
0
0
0
0
0
0
0
0
0
0
0
0
0
0
0
0
0
0
0
0
0
0
0
0
0
0
0
0
0
0
0
0
0
0
0
0
0
0
0
0
0
0
0
0
0
0
0
0
0
0
0
0
0
0
0
0
0
0
0
0
0
0
0
0
0
0
0
0
0
0
3.62232e-20
0
0
1.32889e-19
0
0
0
0
0
1.27148e-19
0
0
0
0
0
0
0
0
0
0
-1.17275e-19
8.80661e-20
0
-1.14721e-19
0
0
0
5.72084e-20
1.64381e-19
0
1.61968e-19
0
5.21931e-20
1.58416e-19
0
1.59103e-19
0
0
0
0
0
0
0
0
0
0
0
0
0
0
0
0
0
4.45553e-20
0
0
0
0
0
0
0
0
0
0
0
0
0
0
0
0
-1.20608e-19
0
3.86127e-20
0
0
1.16261e-19
0
0
0
0
0
0
0
0
0
0
2.14507e-19
0
0
-1.04924e-19
0
0
0
0
0
0
1.6414e-19
0
0
0
0
0
0
-6.11401e-20
0
0
0
0
0
0
0
0
-1.45841e-19
8.80661e-20
0
0
0
0
0
0
0
0
0
0
-5.21931e-20
0
0
0
0
0
0
0
0
0
0
9.90955e-20
-5.0693e-20
0
0
0
4.62658e-20
9.48487e-20
0
-9.34752e-20
0
0
8.84418e-20
0
0
0
-4.29081e-20
0
1.29811e-19
4.49608e-20
0
1.26977e-19
0
0
0
0
0
0
1.59807e-19
0
0
0
0
0
0
0
0
0
-1.48428e-19
0
0
0
0
0
2.14507e-19
0
0
0
0
0
0
0
0
0
0
0
0
0
0
0
0
0
0
0
0
0
0
0
0
0
0
0
0
0
0
0
0
0
0
0
0
0
0
0
0
0
0
0
0
0
0
0
0
0
0
0
0
0
0
0
0
0
0
0
0
0
0
0
0
0
0
0
0
0
0
0
0
0
0
0
0
0
0
0
0
0
0
0
0
0
0
0
0
0
0
0
0
0
0
0
0
0
0
0
0
0
0
0
0
0
0
0
0
0
0
0
0
0
0
0
0
0
0
0
0
0
0
0
0
0
0
0
0
0
0
0
0
0
0
0
0
0
0
0
0
0
0
0
0
0
0
0
0
0
0
0
0
0
0
0
0
0
0
0
0
0
0
0
0
0
0
0
0
0
0
0
0
0
0
0
0
0
0
0
0
0
0
0
0
0
0
0
0
0
0
0
0
0
0
0
0
0
-6.73161e-20
1.37644e-19
-1.37644e-19
0
0
1.37644e-19
-1.37644e-19
0
0
1.37644e-19
-1.37644e-19
0
0
1.37644e-19
-1.37644e-19
0
0
1.37644e-19
-1.37644e-19
0
0
1.37644e-19
-1.37644e-19
0
0
1.37644e-19
-1.37644e-19
0
0
1.37644e-19
-1.37644e-19
0
0
1.37644e-19
-1.37644e-19
0
0
1.37644e-19
-1.37644e-19
0
0
1.37644e-19
-1.37644e-19
0
0
1.37644e-19
-1.37644e-19
0
0
1.37644e-19
-1.37644e-19
0
0
1.37644e-19
-1.37644e-19
0
0
)
;

boundaryField
{
    wall_bottom
    {
        type            calculated;
        value           uniform 0;
    }
    wall_top
    {
        type            calculated;
        value           uniform 0;
    }
    front1
    {
        type            cyclic;
    }
    back1
    {
        type            cyclic;
    }
    left1
    {
        type            cyclic;
    }
    right1
    {
        type            cyclic;
    }
    front2
    {
        type            cyclic;
    }
    back2
    {
        type            cyclic;
    }
    left2
    {
        type            cyclic;
    }
    right2
    {
        type            cyclic;
    }
    front3
    {
        type            cyclic;
    }
    back3
    {
        type            cyclic;
    }
    left3
    {
        type            cyclic;
    }
    right3
    {
        type            cyclic;
    }
}


// ************************************************************************* //
