/*--------------------------------*- C++ -*----------------------------------*\
| =========                 |                                                 |
| \\      /  F ield         | OpenFOAM: The Open Source CFD Toolbox           |
|  \\    /   O peration     | Version:  2.4.0                                 |
|   \\  /    A nd           | Web:      www.OpenFOAM.org                      |
|    \\/     M anipulation  |                                                 |
\*---------------------------------------------------------------------------*/
FoamFile
{
    version     2.0;
    format      ascii;
    class       volScalarField;
    location    "0";
    object      ccy;
}
// * * * * * * * * * * * * * * * * * * * * * * * * * * * * * * * * * * * * * //

dimensions      [0 1 0 0 0 0 0];

internalField   nonuniform List<scalar> 
635
(
0
0
0
0
-3.81756e-20
-3.81756e-20
-3.81756e-20
-5.50046e-20
-5.50046e-20
0
-5.50046e-20
0
-5.50046e-20
0
0
0
0
-3.81756e-20
0
0
0
-3.81756e-20
0
0
0
-3.81756e-20
0
0
0
0
0
0
0
0
0
3.81756e-20
0
0
0
0
0
0
3.81756e-20
0
0
0
0
0
0
0
3.81756e-20
0
0
0
0
0
0
0
0
0
0
0
0
0
0
0
0
0
0
0
0
0
0
0
0
0
0
0
0
0
0
0
0
0
0
0
0
0
0
0
0
0
0
0
0
0
0
0
0
0
0
0
0
0
0
0
0
0
0
0
0
0
0
0
0
0
0
0
0
0
0
0
0
0
0
0
0
0
0
0
0
0
0
0
0
0
0
0
0
0
0
0
0
0
0
0
0
0
0
0
0
0
0
0
0
0
0
0
0
0
0
0
0
0
0
0
0
0
0
0
0
0
0
0
0
0
0
0
0
0
0
0
0
0
0
0
0
0
0
0
0
0
0
0
0
0
0
0
0
0
0
0
-2.11233e-20
0
0
-6.94561e-20
0
0
0
0
0
-6.65859e-20
0
0
0
0
0
0
0
0
0
0
6.16493e-20
-4.70447e-20
0
6.03724e-20
0
0
0
-3.16159e-20
-8.52024e-20
0
-8.39957e-20
0
-2.60965e-20
-8.22195e-20
0
-8.55749e-20
0
0
0
0
0
0
0
0
0
0
0
0
0
0
0
0
0
-2.22777e-20
0
0
0
0
0
0
0
0
0
0
0
0
0
0
0
0
6.33159e-20
0
-1.93064e-20
0
0
-6.11421e-20
0
0
0
0
0
0
0
0
0
0
-9.59033e-20
0
0
5.54736e-20
0
0
0
0
0
0
-8.50814e-20
0
0
0
0
0
0
3.05701e-20
0
0
0
0
0
0
0
0
7.59322e-20
-4.70447e-20
0
0
0
0
0
0
0
0
0
0
2.60965e-20
0
0
0
0
0
0
0
0
0
0
-5.25594e-20
2.83582e-20
0
0
0
-2.31329e-20
-5.0436e-20
0
4.97493e-20
0
0
-4.42209e-20
0
0
0
2.1454e-20
0
-6.79171e-20
-2.54921e-20
0
-6.65001e-20
0
0
0
0
0
0
-8.29154e-20
0
0
0
0
0
0
0
0
0
7.72258e-20
0
0
0
0
0
-9.59033e-20
0
0
0
0
0
0
0
0
0
0
0
0
0
0
0
0
0
0
0
0
0
0
0
0
0
0
0
0
0
0
0
0
0
0
0
0
0
0
0
0
0
0
0
0
0
0
0
0
0
0
0
0
0
0
0
0
0
0
0
0
0
0
0
0
0
0
0
0
0
0
0
0
0
0
0
0
0
0
0
0
0
0
0
0
0
0
0
0
0
0
0
0
0
0
0
0
0
0
0
0
0
0
0
0
0
0
0
0
0
0
0
0
0
0
0
0
0
0
0
0
0
0
0
0
0
0
0
0
0
0
0
0
0
0
0
0
0
0
0
0
0
0
0
0
0
0
0
0
0
0
0
0
0
0
0
0
0
0
0
0
0
0
0
0
0
0
0
0
0
0
0
0
0
0
0
0
0
0
0
0
0
0
0
0
0
0
0
0
0
0
0
0
0
0
0
0
0
3.36581e-20
-7.18336e-20
7.18336e-20
0
0
-7.18336e-20
7.18336e-20
0
0
-7.18336e-20
7.18336e-20
0
0
-7.18336e-20
7.18336e-20
0
0
-7.18336e-20
7.18336e-20
0
0
-7.18336e-20
7.18336e-20
0
0
-7.18336e-20
7.18336e-20
0
0
-7.18336e-20
7.18336e-20
0
0
-7.18336e-20
7.18336e-20
0
0
-7.18336e-20
7.18336e-20
0
0
-7.18336e-20
7.18336e-20
0
0
-7.18336e-20
7.18336e-20
0
0
-7.18336e-20
7.18336e-20
0
0
-7.18336e-20
7.18336e-20
0
0
)
;

boundaryField
{
    wall_bottom
    {
        type            calculated;
        value           uniform 0;
    }
    wall_top
    {
        type            calculated;
        value           uniform 0;
    }
    front1
    {
        type            cyclic;
    }
    back1
    {
        type            cyclic;
    }
    left1
    {
        type            cyclic;
    }
    right1
    {
        type            cyclic;
    }
    front2
    {
        type            cyclic;
    }
    back2
    {
        type            cyclic;
    }
    left2
    {
        type            cyclic;
    }
    right2
    {
        type            cyclic;
    }
    front3
    {
        type            cyclic;
    }
    back3
    {
        type            cyclic;
    }
    left3
    {
        type            cyclic;
    }
    right3
    {
        type            cyclic;
    }
}


// ************************************************************************* //
