/*--------------------------------*- C++ -*----------------------------------*\
| =========                 |                                                 |
| \\      /  F ield         | OpenFOAM: The Open Source CFD Toolbox           |
|  \\    /   O peration     | Version:  2.4.x                                 |
|   \\  /    A nd           | Web:      www.OpenFOAM.org                      |
|    \\/     M anipulation  |                                                 |
\*---------------------------------------------------------------------------*/
FoamFile
{
    version     2.0;
    format      ascii;
    class       volScalarField;
    location    "0";
    object      ccy;
}
// * * * * * * * * * * * * * * * * * * * * * * * * * * * * * * * * * * * * * //

dimensions      [0 1 0 0 0 0 0];

internalField   nonuniform List<scalar> 
463
(
0
0
0
-2.92001e-20
-2.92001e-20
0
2.92001e-20
0
0
0
2.92001e-20
0
0
0
0
0
0
0
0
0
0
0
0
0
0
0
4.51751e-21
0
0
0
0
4.51751e-21
0
0
0
0
0
0
0
0
0
0
0
0
-8.30828e-20
0
0
0
0
0
0
0
0
0
0
0
0
0
0
0
0
0
0
0
0
0
0
0
0
0
0
0
0
0
0
0
0
0
0
0
0
0
0
0
0
0
0
0
0
0
0
2.92001e-20
0
0
0
2.92001e-20
0
0
4.93652e-20
2.92001e-20
0
0
4.93652e-20
0
4.93652e-20
0
4.93652e-20
0
4.93652e-20
0
0
2.92001e-20
4.93652e-20
0
4.93652e-20
2.92001e-20
4.93652e-20
0
4.93652e-20
2.92001e-20
0
0
4.93652e-20
0
4.93652e-20
0
4.93652e-20
0
4.93652e-20
0
0
2.92001e-20
4.93652e-20
0
4.93652e-20
2.92001e-20
0
0
7.85653e-20
2.92001e-20
0
0
4.93652e-20
0
4.93652e-20
0
0
2.92001e-20
0
0
0
2.92001e-20
4.93652e-20
0
7.85653e-20
2.92001e-20
0
0
4.93652e-20
2.92001e-20
0
0
7.85653e-20
0
0
0
0
0
0
0
0
0
0
0
0
0
0
0
0
2.53942e-20
0
0
0
-4.51751e-21
0
0
0
0
0
0
0
0
0
0
0
0
3.84545e-20
0
0
0
0
0
0
-4.51751e-21
0
0
0
0
-4.51751e-21
-6.24424e-20
0
0
0
0
0
-6.28736e-20
0
0
0
-5.57933e-20
0
0
0
0
4.51751e-21
0
0
0
0
4.51751e-21
0
0
0
0
0
0
-6.70326e-20
0
-4.51902e-20
0
0
0
0
4.27848e-20
0
0
0
-4.09632e-20
4.50391e-20
0
4.51751e-21
0
0
0
0
0
0
0
0
4.51751e-21
-4.51751e-21
3.5244e-20
3.03541e-20
0
4.51751e-21
0
0
0
0
0
0
0
0
-8.41503e-20
0
3.04223e-20
0
0
0
0
0
0
-1.04177e-19
0
0
0
0
-9.40328e-20
0
0
0
0
0
0
0
0
1.29353e-19
0
0
0
0
0
0
0
0
0
0
0
0
0
0
0
0
0
4.40096e-20
3.94921e-20
0
0
0
0
0
-4.51751e-21
0
0
0
0
0
0
0
0
0
0
0
0
4.51751e-21
0
0
0
0
0
-4.51751e-21
0
0
0
0
0
0
4.51751e-21
0
0
0
0
0
0
0
0
0
0
0
0
4.40096e-20
0
0
0
3.94921e-20
0
0
4.51751e-21
0
0
0
3.94921e-20
0
0
3.94921e-20
0
0
3.94921e-20
0
0
4.51751e-21
0
0
3.94921e-20
0
0
0
4.51751e-21
0
0
3.94921e-20
0
0
4.51751e-21
0
0
3.94921e-20
0
0
3.94921e-20
0
0
3.94921e-20
0
0
0
4.51751e-21
0
0
3.94921e-20
0
0
3.94921e-20
0
0
3.94921e-20
0
0
3.94921e-20
0
0
3.94921e-20
0
3.94921e-20
0
3.94921e-20
0
0
3.94921e-20
0
0
3.94921e-20
0
0
3.94921e-20
0
3.94921e-20
3.94921e-20
0
0
3.94921e-20
0
0
0
3.94921e-20
0
0
3.94921e-20
3.94921e-20
0
3.94921e-20
0
0
4.51751e-21
0
0
3.94921e-20
0
0
4.51751e-21
0
3.94921e-20
0
)
;

boundaryField
{
    wall_bottom
    {
        type            calculated;
        value           uniform 0;
    }
    wall_top
    {
        type            calculated;
        value           uniform 0;
    }
    front1
    {
        type            cyclic;
    }
    back1
    {
        type            cyclic;
    }
    left1
    {
        type            cyclic;
    }
    right1
    {
        type            cyclic;
    }
    front2
    {
        type            cyclic;
    }
    back2
    {
        type            cyclic;
    }
    left2
    {
        type            cyclic;
    }
    right2
    {
        type            cyclic;
    }
    front3
    {
        type            cyclic;
    }
    back3
    {
        type            cyclic;
    }
    left3
    {
        type            cyclic;
    }
    right3
    {
        type            cyclic;
    }
}


// ************************************************************************* //
