/*--------------------------------*- C++ -*----------------------------------*\
| =========                 |                                                 |
| \\      /  F ield         | OpenFOAM: The Open Source CFD Toolbox           |
|  \\    /   O peration     | Version:  2.4.0                                 |
|   \\  /    A nd           | Web:      www.OpenFOAM.org                      |
|    \\/     M anipulation  |                                                 |
\*---------------------------------------------------------------------------*/
FoamFile
{
    version     2.0;
    format      ascii;
    class       volScalarField;
    location    "0";
    object      ccx;
}
// * * * * * * * * * * * * * * * * * * * * * * * * * * * * * * * * * * * * * //

dimensions      [0 1 0 0 0 0 0];

internalField   nonuniform List<scalar> 
463
(
0
0
0
5.23768e-20
5.23768e-20
0
-5.23768e-20
0
0
0
-5.23768e-20
0
0
0
0
0
0
0
0
0
0
0
0
0
0
0
-3.01167e-21
0
0
0
0
-3.01167e-21
0
0
0
0
0
0
0
0
0
0
0
0
1.54119e-19
0
0
0
0
0
0
0
0
0
0
0
0
0
0
0
0
0
0
0
0
0
0
0
0
0
0
0
0
0
0
0
0
0
0
0
0
0
0
0
0
0
0
0
0
0
0
-5.23768e-20
0
0
0
-5.23768e-20
0
0
-9.87303e-20
-5.23768e-20
0
0
-9.87303e-20
0
-9.87303e-20
0
-9.87303e-20
0
-9.87303e-20
0
0
-5.23768e-20
-9.87303e-20
0
-9.87303e-20
-5.23768e-20
-9.87303e-20
0
-9.87303e-20
-5.23768e-20
0
0
-9.87303e-20
0
-9.87303e-20
0
-9.87303e-20
0
-9.87303e-20
0
0
-5.23768e-20
-9.87303e-20
0
-9.87303e-20
-5.23768e-20
0
0
-1.51107e-19
-5.23768e-20
0
0
-9.87303e-20
0
-9.87303e-20
0
0
-5.23768e-20
0
0
0
-5.23768e-20
-9.87303e-20
0
-1.51107e-19
-5.23768e-20
0
0
-9.87303e-20
-5.23768e-20
0
0
-1.51107e-19
0
0
0
0
0
0
0
0
0
0
0
0
0
0
0
0
-4.47651e-20
0
0
0
3.01167e-21
0
0
0
0
0
0
0
0
0
0
0
0
-7.08856e-20
0
0
0
0
0
0
3.01167e-21
0
0
0
0
3.01167e-21
1.18861e-19
0
0
0
0
0
1.13701e-19
0
0
0
1.05563e-19
0
0
0
0
-3.01167e-21
0
0
0
0
-3.01167e-21
0
0
0
0
0
0
1.28042e-19
0
8.43572e-20
0
0
0
0
-7.95462e-20
0
0
0
7.59031e-20
-7.80314e-20
0
-3.01167e-21
0
0
0
0
0
0
0
0
-3.01167e-21
3.01167e-21
-6.44647e-20
-6.07083e-20
0
-3.01167e-21
0
0
0
0
0
0
0
0
1.62277e-19
0
-5.48212e-20
0
0
0
0
0
0
1.96308e-19
0
0
0
0
1.82042e-19
0
0
0
0
0
0
0
0
-2.4666e-19
0
0
0
0
0
0
0
0
0
0
0
0
0
0
0
0
0
-8.19959e-20
-7.89843e-20
0
0
0
0
0
3.01167e-21
0
0
0
0
0
0
0
0
0
0
0
0
-3.01167e-21
0
0
0
0
0
3.01167e-21
0
0
0
0
0
0
-3.01167e-21
0
0
0
0
0
0
0
0
0
0
0
0
-8.19959e-20
0
0
0
-7.89843e-20
0
0
-3.01167e-21
0
0
0
-7.89843e-20
0
0
-7.89843e-20
0
0
-7.89843e-20
0
0
-3.01167e-21
0
0
-7.89843e-20
0
0
0
-3.01167e-21
0
0
-7.89843e-20
0
0
-3.01167e-21
0
0
-7.89843e-20
0
0
-7.89843e-20
0
0
-7.89843e-20
0
0
0
-3.01167e-21
0
0
-7.89843e-20
0
0
-7.89843e-20
0
0
-7.89843e-20
0
0
-7.89843e-20
0
0
-7.89843e-20
0
-7.89843e-20
0
-7.89843e-20
0
0
-7.89843e-20
0
0
-7.89843e-20
0
0
-7.89843e-20
0
-7.89843e-20
-7.89843e-20
0
0
-7.89843e-20
0
0
0
-7.89843e-20
0
0
-7.89843e-20
-7.89843e-20
0
-7.89843e-20
0
0
-3.01167e-21
0
0
-7.89843e-20
0
0
-3.01167e-21
0
-7.89843e-20
0
)
;

boundaryField
{
    wall_bottom
    {
        type            calculated;
        value           uniform 0;
    }
    wall_top
    {
        type            calculated;
        value           uniform 0;
    }
    front1
    {
        type            cyclic;
    }
    back1
    {
        type            cyclic;
    }
    left1
    {
        type            cyclic;
    }
    right1
    {
        type            cyclic;
    }
    front2
    {
        type            cyclic;
    }
    back2
    {
        type            cyclic;
    }
    left2
    {
        type            cyclic;
    }
    right2
    {
        type            cyclic;
    }
    front3
    {
        type            cyclic;
    }
    back3
    {
        type            cyclic;
    }
    left3
    {
        type            cyclic;
    }
    right3
    {
        type            cyclic;
    }
}


// ************************************************************************* //
