/*--------------------------------*- C++ -*----------------------------------*\
| =========                 |                                                 |
| \\      /  F ield         | OpenFOAM: The Open Source CFD Toolbox           |
|  \\    /   O peration     | Version:  2.4.x                                 |
|   \\  /    A nd           | Web:      www.OpenFOAM.org                      |
|    \\/     M anipulation  |                                                 |
\*---------------------------------------------------------------------------*/
FoamFile
{
    version     2.0;
    format      ascii;
    class       volScalarField;
    location    "0";
    object      Ksl;
}
// * * * * * * * * * * * * * * * * * * * * * * * * * * * * * * * * * * * * * //

dimensions      [1 -3 -1 0 0 0 0];

internalField   nonuniform List<scalar> 
600
(
3.30962e+08
2.0986e+08
1.04015e+08
5.24529e+07
5.28092e+07
6.19612e+07
5.1151e+07
4.29932e+07
3.55404e+07
2.00359e+07
1.66007e+07
2.14379e+07
2.76471e+07
3.53484e+07
4.0106e+07
3.77767e+07
2.7422e+07
2.56912e+07
3.31806e+07
4.08989e+07
3.77168e+07
3.32131e+07
2.65015e+07
1.77491e+07
1.22843e+07
1.36512e+07
2.38058e+07
3.21602e+07
3.45856e+07
3.54e+07
4.04201e+07
4.17619e+07
4.14698e+07
3.96107e+07
3.75001e+07
3.4316e+07
3.02697e+07
2.61775e+07
2.24263e+07
1.90687e+07
2.96361e+06
2.96209e+06
3.04641e+06
3.1424e+06
3.05886e+06
2.92702e+06
3.07911e+06
4.17538e+06
3.78782e+06
1.69582e+06
0
0
0
0
0
0
0
0
0
0
0
0
0
0
0
0
0
0
0
0
0
0
0
0
0
0
0
0
0
0
0
0
0
0
0
0
0
0
0
0
0
0
0
0
0
0
0
0
0
0
0
0
0
0
0
0
0
0
0
0
0
0
0
0
0
0
0
0
0
0
0
0
0
0
0
0
0
0
0
0
0
0
0
0
0
0
0
0
0
0
0
0
0
0
0
0
0
0
0
0
0
0
0
0
0
0
0
0
0
0
0
0
0
0
0
0
0
0
0
0
0
0
0
0
0
0
0
0
0
0
0
0
0
0
0
0
0
0
0
0
0
0
0
0
0
0
0
0
0
0
0
0
0
0
0
0
0
0
0
0
0
0
0
0
0
0
0
0
0
0
0
0
0
0
0
0
0
0
0
0
0
0
0
0
0
0
0
0
0
0
0
0
0
0
0
0
0
0
0
0
0
0
0
0
0
0
0
0
0
0
0
0
0
0
0
0
0
0
0
0
0
0
0
0
0
0
0
0
0
0
0
0
0
0
0
0
0
0
0
0
0
0
0
0
0
0
0
0
0
0
0
0
0
0
0
0
0
0
0
0
0
0
0
0
0
0
0
0
0
0
0
0
0
0
0
0
0
0
0
0
0
0
0
0
0
0
0
0
0
0
0
0
0
0
0
0
0
0
0
0
0
0
0
0
0
0
0
0
0
0
0
0
0
0
0
0
0
0
0
0
0
0
0
0
0
0
0
0
0
0
0
0
0
0
0
0
0
0
0
0
0
0
0
0
0
0
0
0
0
0
0
0
0
0
0
0
0
0
0
0
0
0
0
0
0
0
0
0
0
0
0
0
0
0
0
0
0
0
0
0
0
0
0
0
0
0
0
0
0
0
0
0
0
0
0
0
0
0
0
0
0
0
0
0
0
0
0
0
0
0
0
0
0
0
0
0
0
0
0
0
0
0
0
0
0
0
0
0
0
0
0
0
0
0
0
0
0
0
0
0
0
0
0
0
0
0
0
0
0
0
0
0
0
0
0
0
0
0
0
0
0
0
0
0
0
0
0
0
0
0
0
0
0
0
0
0
0
0
0
0
0
0
0
0
0
0
0
0
0
0
0
0
0
0
0
0
0
0
0
0
0
0
0
0
0
0
0
0
0
0
0
0
0
0
0
0
0
0
0
0
0
0
0
0
0
0
0
0
0
0
0
0
0
0
0
0
0
0
0
0
0
0
0
0
0
0
0
0
0
0
)
;

boundaryField
{
    wall_bottom
    {
        type            zeroGradient;
    }
    wall_top
    {
        type            zeroGradient;
    }
    front1
    {
        type            cyclic;
    }
    back1
    {
        type            cyclic;
    }
    left1
    {
        type            cyclic;
    }
    right1
    {
        type            cyclic;
    }
    front2
    {
        type            cyclic;
    }
    back2
    {
        type            cyclic;
    }
    left2
    {
        type            cyclic;
    }
    right2
    {
        type            cyclic;
    }
    front3
    {
        type            cyclic;
    }
    back3
    {
        type            cyclic;
    }
    left3
    {
        type            cyclic;
    }
    right3
    {
        type            cyclic;
    }
}


// ************************************************************************* //
