/*--------------------------------*- C++ -*----------------------------------*\
| =========                 |                                                 |
| \\      /  F ield         | OpenFOAM: The Open Source CFD Toolbox           |
|  \\    /   O peration     | Version:  2.4.x                                 |
|   \\  /    A nd           | Web:      www.OpenFOAM.org                      |
|    \\/     M anipulation  |                                                 |
\*---------------------------------------------------------------------------*/
FoamFile
{
    version     2.0;
    format      ascii;
    class       vectorField;
    location    "constant/polyMesh";
    object      points;
}
// * * * * * * * * * * * * * * * * * * * * * * * * * * * * * * * * * * * * * //


2404
(
(-0.01 -0.005 0)
(0.01 -0.005 0)
(-0.01 0.005 0)
(0.01 0.005 0)
(-0.01 -0.005 0.001)
(0.01 -0.005 0.001)
(-0.01 0.005 0.001)
(0.01 0.005 0.001)
(-0.01 -0.005 0.002)
(0.01 -0.005 0.002)
(-0.01 0.005 0.002)
(0.01 0.005 0.002)
(-0.01 -0.005 0.003)
(0.01 -0.005 0.003)
(-0.01 0.005 0.003)
(0.01 0.005 0.003)
(-0.01 -0.005 0.004)
(0.01 -0.005 0.004)
(-0.01 0.005 0.004)
(0.01 0.005 0.004)
(-0.01 -0.005 0.005)
(0.01 -0.005 0.005)
(-0.01 0.005 0.005)
(0.01 0.005 0.005)
(-0.01 -0.005 0.006)
(0.01 -0.005 0.006)
(-0.01 0.005 0.006)
(0.01 0.005 0.006)
(-0.01 -0.005 0.007)
(0.01 -0.005 0.007)
(-0.01 0.005 0.007)
(0.01 0.005 0.007)
(-0.01 -0.005 0.008)
(0.01 -0.005 0.008)
(-0.01 0.005 0.008)
(0.01 0.005 0.008)
(-0.01 -0.005 0.009)
(0.01 -0.005 0.009)
(-0.01 0.005 0.009)
(0.01 0.005 0.009)
(-0.01 -0.005 0.01)
(0.01 -0.005 0.01)
(-0.01 0.005 0.01)
(0.01 0.005 0.01)
(-0.01 -0.005 0.011)
(0.01 -0.005 0.011)
(-0.01 0.005 0.011)
(0.01 0.005 0.011)
(-0.01 -0.005 0.012)
(0.01 -0.005 0.012)
(-0.01 0.005 0.012)
(0.01 0.005 0.012)
(-0.01 -0.005 0.013)
(0.01 -0.005 0.013)
(-0.01 0.005 0.013)
(0.01 0.005 0.013)
(-0.01 -0.005 0.014)
(0.01 -0.005 0.014)
(-0.01 0.005 0.014)
(0.01 0.005 0.014)
(-0.01 -0.005 0.015)
(0.01 -0.005 0.015)
(-0.01 0.005 0.015)
(0.01 0.005 0.015)
(-0.01 -0.005 0.016)
(0.01 -0.005 0.016)
(-0.01 0.005 0.016)
(0.01 0.005 0.016)
(-0.01 -0.005 0.017)
(0.01 -0.005 0.017)
(-0.01 0.005 0.017)
(0.01 0.005 0.017)
(-0.01 -0.005 0.018)
(0.01 -0.005 0.018)
(-0.01 0.005 0.018)
(0.01 0.005 0.018)
(-0.01 -0.005 0.019)
(0.01 -0.005 0.019)
(-0.01 0.005 0.019)
(0.01 0.005 0.019)
(-0.01 -0.005 0.02)
(0.01 -0.005 0.02)
(-0.01 0.005 0.02)
(0.01 0.005 0.02)
(-0.01 -0.005 0.021)
(0.01 -0.005 0.021)
(-0.01 0.005 0.021)
(0.01 0.005 0.021)
(-0.01 -0.005 0.022)
(0.01 -0.005 0.022)
(-0.01 0.005 0.022)
(0.01 0.005 0.022)
(-0.01 -0.005 0.023)
(0.01 -0.005 0.023)
(-0.01 0.005 0.023)
(0.01 0.005 0.023)
(-0.01 -0.005 0.024)
(0.01 -0.005 0.024)
(-0.01 0.005 0.024)
(0.01 0.005 0.024)
(-0.01 -0.005 0.025)
(0.01 -0.005 0.025)
(-0.01 0.005 0.025)
(0.01 0.005 0.025)
(-0.01 -0.005 0.026)
(0.01 -0.005 0.026)
(-0.01 0.005 0.026)
(0.01 0.005 0.026)
(-0.01 -0.005 0.027)
(0.01 -0.005 0.027)
(-0.01 0.005 0.027)
(0.01 0.005 0.027)
(-0.01 -0.005 0.028)
(0.01 -0.005 0.028)
(-0.01 0.005 0.028)
(0.01 0.005 0.028)
(-0.01 -0.005 0.029)
(0.01 -0.005 0.029)
(-0.01 0.005 0.029)
(0.01 0.005 0.029)
(-0.01 -0.005 0.03)
(0.01 -0.005 0.03)
(-0.01 0.005 0.03)
(0.01 0.005 0.03)
(-0.01 -0.005 0.031)
(0.01 -0.005 0.031)
(-0.01 0.005 0.031)
(0.01 0.005 0.031)
(-0.01 -0.005 0.032)
(0.01 -0.005 0.032)
(-0.01 0.005 0.032)
(0.01 0.005 0.032)
(-0.01 -0.005 0.033)
(0.01 -0.005 0.033)
(-0.01 0.005 0.033)
(0.01 0.005 0.033)
(-0.01 -0.005 0.034)
(0.01 -0.005 0.034)
(-0.01 0.005 0.034)
(0.01 0.005 0.034)
(-0.01 -0.005 0.035)
(0.01 -0.005 0.035)
(-0.01 0.005 0.035)
(0.01 0.005 0.035)
(-0.01 -0.005 0.036)
(0.01 -0.005 0.036)
(-0.01 0.005 0.036)
(0.01 0.005 0.036)
(-0.01 -0.005 0.037)
(0.01 -0.005 0.037)
(-0.01 0.005 0.037)
(0.01 0.005 0.037)
(-0.01 -0.005 0.038)
(0.01 -0.005 0.038)
(-0.01 0.005 0.038)
(0.01 0.005 0.038)
(-0.01 -0.005 0.039)
(0.01 -0.005 0.039)
(-0.01 0.005 0.039)
(0.01 0.005 0.039)
(-0.01 -0.005 0.04)
(0.01 -0.005 0.04)
(-0.01 0.005 0.04)
(0.01 0.005 0.04)
(-0.01 -0.005 0.041)
(0.01 -0.005 0.041)
(-0.01 0.005 0.041)
(0.01 0.005 0.041)
(-0.01 -0.005 0.042)
(0.01 -0.005 0.042)
(-0.01 0.005 0.042)
(0.01 0.005 0.042)
(-0.01 -0.005 0.043)
(0.01 -0.005 0.043)
(-0.01 0.005 0.043)
(0.01 0.005 0.043)
(-0.01 -0.005 0.044)
(0.01 -0.005 0.044)
(-0.01 0.005 0.044)
(0.01 0.005 0.044)
(-0.01 -0.005 0.045)
(0.01 -0.005 0.045)
(-0.01 0.005 0.045)
(0.01 0.005 0.045)
(-0.01 -0.005 0.046)
(0.01 -0.005 0.046)
(-0.01 0.005 0.046)
(0.01 0.005 0.046)
(-0.01 -0.005 0.047)
(0.01 -0.005 0.047)
(-0.01 0.005 0.047)
(0.01 0.005 0.047)
(-0.01 -0.005 0.048)
(0.01 -0.005 0.048)
(-0.01 0.005 0.048)
(0.01 0.005 0.048)
(-0.01 -0.005 0.049)
(0.01 -0.005 0.049)
(-0.01 0.005 0.049)
(0.01 0.005 0.049)
(-0.01 -0.005 0.05)
(0.01 -0.005 0.05)
(-0.01 0.005 0.05)
(0.01 0.005 0.05)
(-0.01 -0.005 0.051)
(0.01 -0.005 0.051)
(-0.01 0.005 0.051)
(0.01 0.005 0.051)
(-0.01 -0.005 0.052)
(0.01 -0.005 0.052)
(-0.01 0.005 0.052)
(0.01 0.005 0.052)
(-0.01 -0.005 0.053)
(0.01 -0.005 0.053)
(-0.01 0.005 0.053)
(0.01 0.005 0.053)
(-0.01 -0.005 0.054)
(0.01 -0.005 0.054)
(-0.01 0.005 0.054)
(0.01 0.005 0.054)
(-0.01 -0.005 0.055)
(0.01 -0.005 0.055)
(-0.01 0.005 0.055)
(0.01 0.005 0.055)
(-0.01 -0.005 0.056)
(0.01 -0.005 0.056)
(-0.01 0.005 0.056)
(0.01 0.005 0.056)
(-0.01 -0.005 0.057)
(0.01 -0.005 0.057)
(-0.01 0.005 0.057)
(0.01 0.005 0.057)
(-0.01 -0.005 0.058)
(0.01 -0.005 0.058)
(-0.01 0.005 0.058)
(0.01 0.005 0.058)
(-0.01 -0.005 0.059)
(0.01 -0.005 0.059)
(-0.01 0.005 0.059)
(0.01 0.005 0.059)
(-0.01 -0.005 0.06)
(0.01 -0.005 0.06)
(-0.01 0.005 0.06)
(0.01 0.005 0.06)
(-0.01 -0.005 0.061)
(0.01 -0.005 0.061)
(-0.01 0.005 0.061)
(0.01 0.005 0.061)
(-0.01 -0.005 0.062)
(0.01 -0.005 0.062)
(-0.01 0.005 0.062)
(0.01 0.005 0.062)
(-0.01 -0.005 0.063)
(0.01 -0.005 0.063)
(-0.01 0.005 0.063)
(0.01 0.005 0.063)
(-0.01 -0.005 0.064)
(0.01 -0.005 0.064)
(-0.01 0.005 0.064)
(0.01 0.005 0.064)
(-0.01 -0.005 0.065)
(0.01 -0.005 0.065)
(-0.01 0.005 0.065)
(0.01 0.005 0.065)
(-0.01 -0.005 0.066)
(0.01 -0.005 0.066)
(-0.01 0.005 0.066)
(0.01 0.005 0.066)
(-0.01 -0.005 0.067)
(0.01 -0.005 0.067)
(-0.01 0.005 0.067)
(0.01 0.005 0.067)
(-0.01 -0.005 0.068)
(0.01 -0.005 0.068)
(-0.01 0.005 0.068)
(0.01 0.005 0.068)
(-0.01 -0.005 0.069)
(0.01 -0.005 0.069)
(-0.01 0.005 0.069)
(0.01 0.005 0.069)
(-0.01 -0.005 0.07)
(0.01 -0.005 0.07)
(-0.01 0.005 0.07)
(0.01 0.005 0.07)
(-0.01 -0.005 0.071)
(0.01 -0.005 0.071)
(-0.01 0.005 0.071)
(0.01 0.005 0.071)
(-0.01 -0.005 0.072)
(0.01 -0.005 0.072)
(-0.01 0.005 0.072)
(0.01 0.005 0.072)
(-0.01 -0.005 0.073)
(0.01 -0.005 0.073)
(-0.01 0.005 0.073)
(0.01 0.005 0.073)
(-0.01 -0.005 0.074)
(0.01 -0.005 0.074)
(-0.01 0.005 0.074)
(0.01 0.005 0.074)
(-0.01 -0.005 0.075)
(0.01 -0.005 0.075)
(-0.01 0.005 0.075)
(0.01 0.005 0.075)
(-0.01 -0.005 0.076)
(0.01 -0.005 0.076)
(-0.01 0.005 0.076)
(0.01 0.005 0.076)
(-0.01 -0.005 0.077)
(0.01 -0.005 0.077)
(-0.01 0.005 0.077)
(0.01 0.005 0.077)
(-0.01 -0.005 0.078)
(0.01 -0.005 0.078)
(-0.01 0.005 0.078)
(0.01 0.005 0.078)
(-0.01 -0.005 0.079)
(0.01 -0.005 0.079)
(-0.01 0.005 0.079)
(0.01 0.005 0.079)
(-0.01 -0.005 0.08)
(0.01 -0.005 0.08)
(-0.01 0.005 0.08)
(0.01 0.005 0.08)
(-0.01 -0.005 0.081)
(0.01 -0.005 0.081)
(-0.01 0.005 0.081)
(0.01 0.005 0.081)
(-0.01 -0.005 0.082)
(0.01 -0.005 0.082)
(-0.01 0.005 0.082)
(0.01 0.005 0.082)
(-0.01 -0.005 0.083)
(0.01 -0.005 0.083)
(-0.01 0.005 0.083)
(0.01 0.005 0.083)
(-0.01 -0.005 0.084)
(0.01 -0.005 0.084)
(-0.01 0.005 0.084)
(0.01 0.005 0.084)
(-0.01 -0.005 0.085)
(0.01 -0.005 0.085)
(-0.01 0.005 0.085)
(0.01 0.005 0.085)
(-0.01 -0.005 0.086)
(0.01 -0.005 0.086)
(-0.01 0.005 0.086)
(0.01 0.005 0.086)
(-0.01 -0.005 0.087)
(0.01 -0.005 0.087)
(-0.01 0.005 0.087)
(0.01 0.005 0.087)
(-0.01 -0.005 0.088)
(0.01 -0.005 0.088)
(-0.01 0.005 0.088)
(0.01 0.005 0.088)
(-0.01 -0.005 0.089)
(0.01 -0.005 0.089)
(-0.01 0.005 0.089)
(0.01 0.005 0.089)
(-0.01 -0.005 0.09)
(0.01 -0.005 0.09)
(-0.01 0.005 0.09)
(0.01 0.005 0.09)
(-0.01 -0.005 0.091)
(0.01 -0.005 0.091)
(-0.01 0.005 0.091)
(0.01 0.005 0.091)
(-0.01 -0.005 0.092)
(0.01 -0.005 0.092)
(-0.01 0.005 0.092)
(0.01 0.005 0.092)
(-0.01 -0.005 0.093)
(0.01 -0.005 0.093)
(-0.01 0.005 0.093)
(0.01 0.005 0.093)
(-0.01 -0.005 0.094)
(0.01 -0.005 0.094)
(-0.01 0.005 0.094)
(0.01 0.005 0.094)
(-0.01 -0.005 0.095)
(0.01 -0.005 0.095)
(-0.01 0.005 0.095)
(0.01 0.005 0.095)
(-0.01 -0.005 0.096)
(0.01 -0.005 0.096)
(-0.01 0.005 0.096)
(0.01 0.005 0.096)
(-0.01 -0.005 0.097)
(0.01 -0.005 0.097)
(-0.01 0.005 0.097)
(0.01 0.005 0.097)
(-0.01 -0.005 0.098)
(0.01 -0.005 0.098)
(-0.01 0.005 0.098)
(0.01 0.005 0.098)
(-0.01 -0.005 0.099)
(0.01 -0.005 0.099)
(-0.01 0.005 0.099)
(0.01 0.005 0.099)
(-0.01 -0.005 0.1)
(0.01 -0.005 0.1)
(-0.01 0.005 0.1)
(0.01 0.005 0.1)
(-0.01 -0.005 0.101)
(0.01 -0.005 0.101)
(-0.01 0.005 0.101)
(0.01 0.005 0.101)
(-0.01 -0.005 0.102)
(0.01 -0.005 0.102)
(-0.01 0.005 0.102)
(0.01 0.005 0.102)
(-0.01 -0.005 0.103)
(0.01 -0.005 0.103)
(-0.01 0.005 0.103)
(0.01 0.005 0.103)
(-0.01 -0.005 0.104)
(0.01 -0.005 0.104)
(-0.01 0.005 0.104)
(0.01 0.005 0.104)
(-0.01 -0.005 0.105)
(0.01 -0.005 0.105)
(-0.01 0.005 0.105)
(0.01 0.005 0.105)
(-0.01 -0.005 0.106)
(0.01 -0.005 0.106)
(-0.01 0.005 0.106)
(0.01 0.005 0.106)
(-0.01 -0.005 0.107)
(0.01 -0.005 0.107)
(-0.01 0.005 0.107)
(0.01 0.005 0.107)
(-0.01 -0.005 0.108)
(0.01 -0.005 0.108)
(-0.01 0.005 0.108)
(0.01 0.005 0.108)
(-0.01 -0.005 0.109)
(0.01 -0.005 0.109)
(-0.01 0.005 0.109)
(0.01 0.005 0.109)
(-0.01 -0.005 0.11)
(0.01 -0.005 0.11)
(-0.01 0.005 0.11)
(0.01 0.005 0.11)
(-0.01 -0.005 0.111)
(0.01 -0.005 0.111)
(-0.01 0.005 0.111)
(0.01 0.005 0.111)
(-0.01 -0.005 0.112)
(0.01 -0.005 0.112)
(-0.01 0.005 0.112)
(0.01 0.005 0.112)
(-0.01 -0.005 0.113)
(0.01 -0.005 0.113)
(-0.01 0.005 0.113)
(0.01 0.005 0.113)
(-0.01 -0.005 0.114)
(0.01 -0.005 0.114)
(-0.01 0.005 0.114)
(0.01 0.005 0.114)
(-0.01 -0.005 0.115)
(0.01 -0.005 0.115)
(-0.01 0.005 0.115)
(0.01 0.005 0.115)
(-0.01 -0.005 0.116)
(0.01 -0.005 0.116)
(-0.01 0.005 0.116)
(0.01 0.005 0.116)
(-0.01 -0.005 0.117)
(0.01 -0.005 0.117)
(-0.01 0.005 0.117)
(0.01 0.005 0.117)
(-0.01 -0.005 0.118)
(0.01 -0.005 0.118)
(-0.01 0.005 0.118)
(0.01 0.005 0.118)
(-0.01 -0.005 0.119)
(0.01 -0.005 0.119)
(-0.01 0.005 0.119)
(0.01 0.005 0.119)
(-0.01 -0.005 0.12)
(0.01 -0.005 0.12)
(-0.01 0.005 0.12)
(0.01 0.005 0.12)
(-0.01 -0.005 0.121)
(0.01 -0.005 0.121)
(-0.01 0.005 0.121)
(0.01 0.005 0.121)
(-0.01 -0.005 0.122)
(0.01 -0.005 0.122)
(-0.01 0.005 0.122)
(0.01 0.005 0.122)
(-0.01 -0.005 0.123)
(0.01 -0.005 0.123)
(-0.01 0.005 0.123)
(0.01 0.005 0.123)
(-0.01 -0.005 0.124)
(0.01 -0.005 0.124)
(-0.01 0.005 0.124)
(0.01 0.005 0.124)
(-0.01 -0.005 0.125)
(0.01 -0.005 0.125)
(-0.01 0.005 0.125)
(0.01 0.005 0.125)
(-0.01 -0.005 0.126)
(0.01 -0.005 0.126)
(-0.01 0.005 0.126)
(0.01 0.005 0.126)
(-0.01 -0.005 0.127)
(0.01 -0.005 0.127)
(-0.01 0.005 0.127)
(0.01 0.005 0.127)
(-0.01 -0.005 0.128)
(0.01 -0.005 0.128)
(-0.01 0.005 0.128)
(0.01 0.005 0.128)
(-0.01 -0.005 0.129)
(0.01 -0.005 0.129)
(-0.01 0.005 0.129)
(0.01 0.005 0.129)
(-0.01 -0.005 0.13)
(0.01 -0.005 0.13)
(-0.01 0.005 0.13)
(0.01 0.005 0.13)
(-0.01 -0.005 0.131)
(0.01 -0.005 0.131)
(-0.01 0.005 0.131)
(0.01 0.005 0.131)
(-0.01 -0.005 0.132)
(0.01 -0.005 0.132)
(-0.01 0.005 0.132)
(0.01 0.005 0.132)
(-0.01 -0.005 0.133)
(0.01 -0.005 0.133)
(-0.01 0.005 0.133)
(0.01 0.005 0.133)
(-0.01 -0.005 0.134)
(0.01 -0.005 0.134)
(-0.01 0.005 0.134)
(0.01 0.005 0.134)
(-0.01 -0.005 0.135)
(0.01 -0.005 0.135)
(-0.01 0.005 0.135)
(0.01 0.005 0.135)
(-0.01 -0.005 0.136)
(0.01 -0.005 0.136)
(-0.01 0.005 0.136)
(0.01 0.005 0.136)
(-0.01 -0.005 0.137)
(0.01 -0.005 0.137)
(-0.01 0.005 0.137)
(0.01 0.005 0.137)
(-0.01 -0.005 0.138)
(0.01 -0.005 0.138)
(-0.01 0.005 0.138)
(0.01 0.005 0.138)
(-0.01 -0.005 0.139)
(0.01 -0.005 0.139)
(-0.01 0.005 0.139)
(0.01 0.005 0.139)
(-0.01 -0.005 0.14)
(0.01 -0.005 0.14)
(-0.01 0.005 0.14)
(0.01 0.005 0.14)
(-0.01 -0.005 0.141)
(0.01 -0.005 0.141)
(-0.01 0.005 0.141)
(0.01 0.005 0.141)
(-0.01 -0.005 0.142)
(0.01 -0.005 0.142)
(-0.01 0.005 0.142)
(0.01 0.005 0.142)
(-0.01 -0.005 0.143)
(0.01 -0.005 0.143)
(-0.01 0.005 0.143)
(0.01 0.005 0.143)
(-0.01 -0.005 0.144)
(0.01 -0.005 0.144)
(-0.01 0.005 0.144)
(0.01 0.005 0.144)
(-0.01 -0.005 0.145)
(0.01 -0.005 0.145)
(-0.01 0.005 0.145)
(0.01 0.005 0.145)
(-0.01 -0.005 0.146)
(0.01 -0.005 0.146)
(-0.01 0.005 0.146)
(0.01 0.005 0.146)
(-0.01 -0.005 0.147)
(0.01 -0.005 0.147)
(-0.01 0.005 0.147)
(0.01 0.005 0.147)
(-0.01 -0.005 0.148)
(0.01 -0.005 0.148)
(-0.01 0.005 0.148)
(0.01 0.005 0.148)
(-0.01 -0.005 0.149)
(0.01 -0.005 0.149)
(-0.01 0.005 0.149)
(0.01 0.005 0.149)
(-0.01 -0.005 0.15)
(0.01 -0.005 0.15)
(-0.01 0.005 0.15)
(0.01 0.005 0.15)
(-0.01 -0.005 0.151)
(0.01 -0.005 0.151)
(-0.01 0.005 0.151)
(0.01 0.005 0.151)
(-0.01 -0.005 0.152)
(0.01 -0.005 0.152)
(-0.01 0.005 0.152)
(0.01 0.005 0.152)
(-0.01 -0.005 0.153)
(0.01 -0.005 0.153)
(-0.01 0.005 0.153)
(0.01 0.005 0.153)
(-0.01 -0.005 0.154)
(0.01 -0.005 0.154)
(-0.01 0.005 0.154)
(0.01 0.005 0.154)
(-0.01 -0.005 0.155)
(0.01 -0.005 0.155)
(-0.01 0.005 0.155)
(0.01 0.005 0.155)
(-0.01 -0.005 0.156)
(0.01 -0.005 0.156)
(-0.01 0.005 0.156)
(0.01 0.005 0.156)
(-0.01 -0.005 0.157)
(0.01 -0.005 0.157)
(-0.01 0.005 0.157)
(0.01 0.005 0.157)
(-0.01 -0.005 0.158)
(0.01 -0.005 0.158)
(-0.01 0.005 0.158)
(0.01 0.005 0.158)
(-0.01 -0.005 0.159)
(0.01 -0.005 0.159)
(-0.01 0.005 0.159)
(0.01 0.005 0.159)
(-0.01 -0.005 0.16)
(0.01 -0.005 0.16)
(-0.01 0.005 0.16)
(0.01 0.005 0.16)
(-0.01 -0.005 0.161)
(0.01 -0.005 0.161)
(-0.01 0.005 0.161)
(0.01 0.005 0.161)
(-0.01 -0.005 0.162)
(0.01 -0.005 0.162)
(-0.01 0.005 0.162)
(0.01 0.005 0.162)
(-0.01 -0.005 0.163)
(0.01 -0.005 0.163)
(-0.01 0.005 0.163)
(0.01 0.005 0.163)
(-0.01 -0.005 0.164)
(0.01 -0.005 0.164)
(-0.01 0.005 0.164)
(0.01 0.005 0.164)
(-0.01 -0.005 0.165)
(0.01 -0.005 0.165)
(-0.01 0.005 0.165)
(0.01 0.005 0.165)
(-0.01 -0.005 0.166)
(0.01 -0.005 0.166)
(-0.01 0.005 0.166)
(0.01 0.005 0.166)
(-0.01 -0.005 0.167)
(0.01 -0.005 0.167)
(-0.01 0.005 0.167)
(0.01 0.005 0.167)
(-0.01 -0.005 0.168)
(0.01 -0.005 0.168)
(-0.01 0.005 0.168)
(0.01 0.005 0.168)
(-0.01 -0.005 0.169)
(0.01 -0.005 0.169)
(-0.01 0.005 0.169)
(0.01 0.005 0.169)
(-0.01 -0.005 0.17)
(0.01 -0.005 0.17)
(-0.01 0.005 0.17)
(0.01 0.005 0.17)
(-0.01 -0.005 0.171)
(0.01 -0.005 0.171)
(-0.01 0.005 0.171)
(0.01 0.005 0.171)
(-0.01 -0.005 0.172)
(0.01 -0.005 0.172)
(-0.01 0.005 0.172)
(0.01 0.005 0.172)
(-0.01 -0.005 0.173)
(0.01 -0.005 0.173)
(-0.01 0.005 0.173)
(0.01 0.005 0.173)
(-0.01 -0.005 0.174)
(0.01 -0.005 0.174)
(-0.01 0.005 0.174)
(0.01 0.005 0.174)
(-0.01 -0.005 0.175)
(0.01 -0.005 0.175)
(-0.01 0.005 0.175)
(0.01 0.005 0.175)
(-0.01 -0.005 0.176)
(0.01 -0.005 0.176)
(-0.01 0.005 0.176)
(0.01 0.005 0.176)
(-0.01 -0.005 0.177)
(0.01 -0.005 0.177)
(-0.01 0.005 0.177)
(0.01 0.005 0.177)
(-0.01 -0.005 0.178)
(0.01 -0.005 0.178)
(-0.01 0.005 0.178)
(0.01 0.005 0.178)
(-0.01 -0.005 0.179)
(0.01 -0.005 0.179)
(-0.01 0.005 0.179)
(0.01 0.005 0.179)
(-0.01 -0.005 0.18)
(0.01 -0.005 0.18)
(-0.01 0.005 0.18)
(0.01 0.005 0.18)
(-0.01 -0.005 0.181)
(0.01 -0.005 0.181)
(-0.01 0.005 0.181)
(0.01 0.005 0.181)
(-0.01 -0.005 0.182)
(0.01 -0.005 0.182)
(-0.01 0.005 0.182)
(0.01 0.005 0.182)
(-0.01 -0.005 0.183)
(0.01 -0.005 0.183)
(-0.01 0.005 0.183)
(0.01 0.005 0.183)
(-0.01 -0.005 0.184)
(0.01 -0.005 0.184)
(-0.01 0.005 0.184)
(0.01 0.005 0.184)
(-0.01 -0.005 0.185)
(0.01 -0.005 0.185)
(-0.01 0.005 0.185)
(0.01 0.005 0.185)
(-0.01 -0.005 0.186)
(0.01 -0.005 0.186)
(-0.01 0.005 0.186)
(0.01 0.005 0.186)
(-0.01 -0.005 0.187)
(0.01 -0.005 0.187)
(-0.01 0.005 0.187)
(0.01 0.005 0.187)
(-0.01 -0.005 0.188)
(0.01 -0.005 0.188)
(-0.01 0.005 0.188)
(0.01 0.005 0.188)
(-0.01 -0.005 0.189)
(0.01 -0.005 0.189)
(-0.01 0.005 0.189)
(0.01 0.005 0.189)
(-0.01 -0.005 0.19)
(0.01 -0.005 0.19)
(-0.01 0.005 0.19)
(0.01 0.005 0.19)
(-0.01 -0.005 0.191)
(0.01 -0.005 0.191)
(-0.01 0.005 0.191)
(0.01 0.005 0.191)
(-0.01 -0.005 0.192)
(0.01 -0.005 0.192)
(-0.01 0.005 0.192)
(0.01 0.005 0.192)
(-0.01 -0.005 0.193)
(0.01 -0.005 0.193)
(-0.01 0.005 0.193)
(0.01 0.005 0.193)
(-0.01 -0.005 0.194)
(0.01 -0.005 0.194)
(-0.01 0.005 0.194)
(0.01 0.005 0.194)
(-0.01 -0.005 0.195)
(0.01 -0.005 0.195)
(-0.01 0.005 0.195)
(0.01 0.005 0.195)
(-0.01 -0.005 0.196)
(0.01 -0.005 0.196)
(-0.01 0.005 0.196)
(0.01 0.005 0.196)
(-0.01 -0.005 0.197)
(0.01 -0.005 0.197)
(-0.01 0.005 0.197)
(0.01 0.005 0.197)
(-0.01 -0.005 0.198)
(0.01 -0.005 0.198)
(-0.01 0.005 0.198)
(0.01 0.005 0.198)
(-0.01 -0.005 0.199)
(0.01 -0.005 0.199)
(-0.01 0.005 0.199)
(0.01 0.005 0.199)
(-0.01 -0.005 0.2)
(0.01 -0.005 0.2)
(-0.01 0.005 0.2)
(0.01 0.005 0.2)
(-0.01 -0.005 0.201)
(0.01 -0.005 0.201)
(-0.01 0.005 0.201)
(0.01 0.005 0.201)
(-0.01 -0.005 0.202)
(0.01 -0.005 0.202)
(-0.01 0.005 0.202)
(0.01 0.005 0.202)
(-0.01 -0.005 0.203)
(0.01 -0.005 0.203)
(-0.01 0.005 0.203)
(0.01 0.005 0.203)
(-0.01 -0.005 0.204)
(0.01 -0.005 0.204)
(-0.01 0.005 0.204)
(0.01 0.005 0.204)
(-0.01 -0.005 0.205)
(0.01 -0.005 0.205)
(-0.01 0.005 0.205)
(0.01 0.005 0.205)
(-0.01 -0.005 0.206)
(0.01 -0.005 0.206)
(-0.01 0.005 0.206)
(0.01 0.005 0.206)
(-0.01 -0.005 0.207)
(0.01 -0.005 0.207)
(-0.01 0.005 0.207)
(0.01 0.005 0.207)
(-0.01 -0.005 0.208)
(0.01 -0.005 0.208)
(-0.01 0.005 0.208)
(0.01 0.005 0.208)
(-0.01 -0.005 0.209)
(0.01 -0.005 0.209)
(-0.01 0.005 0.209)
(0.01 0.005 0.209)
(-0.01 -0.005 0.21)
(0.01 -0.005 0.21)
(-0.01 0.005 0.21)
(0.01 0.005 0.21)
(-0.01 -0.005 0.211)
(0.01 -0.005 0.211)
(-0.01 0.005 0.211)
(0.01 0.005 0.211)
(-0.01 -0.005 0.212)
(0.01 -0.005 0.212)
(-0.01 0.005 0.212)
(0.01 0.005 0.212)
(-0.01 -0.005 0.213)
(0.01 -0.005 0.213)
(-0.01 0.005 0.213)
(0.01 0.005 0.213)
(-0.01 -0.005 0.214)
(0.01 -0.005 0.214)
(-0.01 0.005 0.214)
(0.01 0.005 0.214)
(-0.01 -0.005 0.215)
(0.01 -0.005 0.215)
(-0.01 0.005 0.215)
(0.01 0.005 0.215)
(-0.01 -0.005 0.216)
(0.01 -0.005 0.216)
(-0.01 0.005 0.216)
(0.01 0.005 0.216)
(-0.01 -0.005 0.217)
(0.01 -0.005 0.217)
(-0.01 0.005 0.217)
(0.01 0.005 0.217)
(-0.01 -0.005 0.218)
(0.01 -0.005 0.218)
(-0.01 0.005 0.218)
(0.01 0.005 0.218)
(-0.01 -0.005 0.219)
(0.01 -0.005 0.219)
(-0.01 0.005 0.219)
(0.01 0.005 0.219)
(-0.01 -0.005 0.22)
(0.01 -0.005 0.22)
(-0.01 0.005 0.22)
(0.01 0.005 0.22)
(-0.01 -0.005 0.221)
(0.01 -0.005 0.221)
(-0.01 0.005 0.221)
(0.01 0.005 0.221)
(-0.01 -0.005 0.222)
(0.01 -0.005 0.222)
(-0.01 0.005 0.222)
(0.01 0.005 0.222)
(-0.01 -0.005 0.223)
(0.01 -0.005 0.223)
(-0.01 0.005 0.223)
(0.01 0.005 0.223)
(-0.01 -0.005 0.224)
(0.01 -0.005 0.224)
(-0.01 0.005 0.224)
(0.01 0.005 0.224)
(-0.01 -0.005 0.225)
(0.01 -0.005 0.225)
(-0.01 0.005 0.225)
(0.01 0.005 0.225)
(-0.01 -0.005 0.226)
(0.01 -0.005 0.226)
(-0.01 0.005 0.226)
(0.01 0.005 0.226)
(-0.01 -0.005 0.227)
(0.01 -0.005 0.227)
(-0.01 0.005 0.227)
(0.01 0.005 0.227)
(-0.01 -0.005 0.228)
(0.01 -0.005 0.228)
(-0.01 0.005 0.228)
(0.01 0.005 0.228)
(-0.01 -0.005 0.229)
(0.01 -0.005 0.229)
(-0.01 0.005 0.229)
(0.01 0.005 0.229)
(-0.01 -0.005 0.23)
(0.01 -0.005 0.23)
(-0.01 0.005 0.23)
(0.01 0.005 0.23)
(-0.01 -0.005 0.231)
(0.01 -0.005 0.231)
(-0.01 0.005 0.231)
(0.01 0.005 0.231)
(-0.01 -0.005 0.232)
(0.01 -0.005 0.232)
(-0.01 0.005 0.232)
(0.01 0.005 0.232)
(-0.01 -0.005 0.233)
(0.01 -0.005 0.233)
(-0.01 0.005 0.233)
(0.01 0.005 0.233)
(-0.01 -0.005 0.234)
(0.01 -0.005 0.234)
(-0.01 0.005 0.234)
(0.01 0.005 0.234)
(-0.01 -0.005 0.235)
(0.01 -0.005 0.235)
(-0.01 0.005 0.235)
(0.01 0.005 0.235)
(-0.01 -0.005 0.236)
(0.01 -0.005 0.236)
(-0.01 0.005 0.236)
(0.01 0.005 0.236)
(-0.01 -0.005 0.237)
(0.01 -0.005 0.237)
(-0.01 0.005 0.237)
(0.01 0.005 0.237)
(-0.01 -0.005 0.238)
(0.01 -0.005 0.238)
(-0.01 0.005 0.238)
(0.01 0.005 0.238)
(-0.01 -0.005 0.239)
(0.01 -0.005 0.239)
(-0.01 0.005 0.239)
(0.01 0.005 0.239)
(-0.01 -0.005 0.24)
(0.01 -0.005 0.24)
(-0.01 0.005 0.24)
(0.01 0.005 0.24)
(-0.01 -0.005 0.241)
(0.01 -0.005 0.241)
(-0.01 0.005 0.241)
(0.01 0.005 0.241)
(-0.01 -0.005 0.242)
(0.01 -0.005 0.242)
(-0.01 0.005 0.242)
(0.01 0.005 0.242)
(-0.01 -0.005 0.243)
(0.01 -0.005 0.243)
(-0.01 0.005 0.243)
(0.01 0.005 0.243)
(-0.01 -0.005 0.244)
(0.01 -0.005 0.244)
(-0.01 0.005 0.244)
(0.01 0.005 0.244)
(-0.01 -0.005 0.245)
(0.01 -0.005 0.245)
(-0.01 0.005 0.245)
(0.01 0.005 0.245)
(-0.01 -0.005 0.246)
(0.01 -0.005 0.246)
(-0.01 0.005 0.246)
(0.01 0.005 0.246)
(-0.01 -0.005 0.247)
(0.01 -0.005 0.247)
(-0.01 0.005 0.247)
(0.01 0.005 0.247)
(-0.01 -0.005 0.248)
(0.01 -0.005 0.248)
(-0.01 0.005 0.248)
(0.01 0.005 0.248)
(-0.01 -0.005 0.249)
(0.01 -0.005 0.249)
(-0.01 0.005 0.249)
(0.01 0.005 0.249)
(-0.01 -0.005 0.25)
(0.01 -0.005 0.25)
(-0.01 0.005 0.25)
(0.01 0.005 0.25)
(-0.01 -0.005 0.251)
(0.01 -0.005 0.251)
(-0.01 0.005 0.251)
(0.01 0.005 0.251)
(-0.01 -0.005 0.252)
(0.01 -0.005 0.252)
(-0.01 0.005 0.252)
(0.01 0.005 0.252)
(-0.01 -0.005 0.253)
(0.01 -0.005 0.253)
(-0.01 0.005 0.253)
(0.01 0.005 0.253)
(-0.01 -0.005 0.254)
(0.01 -0.005 0.254)
(-0.01 0.005 0.254)
(0.01 0.005 0.254)
(-0.01 -0.005 0.255)
(0.01 -0.005 0.255)
(-0.01 0.005 0.255)
(0.01 0.005 0.255)
(-0.01 -0.005 0.256)
(0.01 -0.005 0.256)
(-0.01 0.005 0.256)
(0.01 0.005 0.256)
(-0.01 -0.005 0.257)
(0.01 -0.005 0.257)
(-0.01 0.005 0.257)
(0.01 0.005 0.257)
(-0.01 -0.005 0.258)
(0.01 -0.005 0.258)
(-0.01 0.005 0.258)
(0.01 0.005 0.258)
(-0.01 -0.005 0.259)
(0.01 -0.005 0.259)
(-0.01 0.005 0.259)
(0.01 0.005 0.259)
(-0.01 -0.005 0.26)
(0.01 -0.005 0.26)
(-0.01 0.005 0.26)
(0.01 0.005 0.26)
(-0.01 -0.005 0.261)
(0.01 -0.005 0.261)
(-0.01 0.005 0.261)
(0.01 0.005 0.261)
(-0.01 -0.005 0.262)
(0.01 -0.005 0.262)
(-0.01 0.005 0.262)
(0.01 0.005 0.262)
(-0.01 -0.005 0.263)
(0.01 -0.005 0.263)
(-0.01 0.005 0.263)
(0.01 0.005 0.263)
(-0.01 -0.005 0.264)
(0.01 -0.005 0.264)
(-0.01 0.005 0.264)
(0.01 0.005 0.264)
(-0.01 -0.005 0.265)
(0.01 -0.005 0.265)
(-0.01 0.005 0.265)
(0.01 0.005 0.265)
(-0.01 -0.005 0.266)
(0.01 -0.005 0.266)
(-0.01 0.005 0.266)
(0.01 0.005 0.266)
(-0.01 -0.005 0.267)
(0.01 -0.005 0.267)
(-0.01 0.005 0.267)
(0.01 0.005 0.267)
(-0.01 -0.005 0.268)
(0.01 -0.005 0.268)
(-0.01 0.005 0.268)
(0.01 0.005 0.268)
(-0.01 -0.005 0.269)
(0.01 -0.005 0.269)
(-0.01 0.005 0.269)
(0.01 0.005 0.269)
(-0.01 -0.005 0.27)
(0.01 -0.005 0.27)
(-0.01 0.005 0.27)
(0.01 0.005 0.27)
(-0.01 -0.005 0.271)
(0.01 -0.005 0.271)
(-0.01 0.005 0.271)
(0.01 0.005 0.271)
(-0.01 -0.005 0.272)
(0.01 -0.005 0.272)
(-0.01 0.005 0.272)
(0.01 0.005 0.272)
(-0.01 -0.005 0.273)
(0.01 -0.005 0.273)
(-0.01 0.005 0.273)
(0.01 0.005 0.273)
(-0.01 -0.005 0.274)
(0.01 -0.005 0.274)
(-0.01 0.005 0.274)
(0.01 0.005 0.274)
(-0.01 -0.005 0.275)
(0.01 -0.005 0.275)
(-0.01 0.005 0.275)
(0.01 0.005 0.275)
(-0.01 -0.005 0.276)
(0.01 -0.005 0.276)
(-0.01 0.005 0.276)
(0.01 0.005 0.276)
(-0.01 -0.005 0.277)
(0.01 -0.005 0.277)
(-0.01 0.005 0.277)
(0.01 0.005 0.277)
(-0.01 -0.005 0.278)
(0.01 -0.005 0.278)
(-0.01 0.005 0.278)
(0.01 0.005 0.278)
(-0.01 -0.005 0.279)
(0.01 -0.005 0.279)
(-0.01 0.005 0.279)
(0.01 0.005 0.279)
(-0.01 -0.005 0.28)
(0.01 -0.005 0.28)
(-0.01 0.005 0.28)
(0.01 0.005 0.28)
(-0.01 -0.005 0.281)
(0.01 -0.005 0.281)
(-0.01 0.005 0.281)
(0.01 0.005 0.281)
(-0.01 -0.005 0.282)
(0.01 -0.005 0.282)
(-0.01 0.005 0.282)
(0.01 0.005 0.282)
(-0.01 -0.005 0.283)
(0.01 -0.005 0.283)
(-0.01 0.005 0.283)
(0.01 0.005 0.283)
(-0.01 -0.005 0.284)
(0.01 -0.005 0.284)
(-0.01 0.005 0.284)
(0.01 0.005 0.284)
(-0.01 -0.005 0.285)
(0.01 -0.005 0.285)
(-0.01 0.005 0.285)
(0.01 0.005 0.285)
(-0.01 -0.005 0.286)
(0.01 -0.005 0.286)
(-0.01 0.005 0.286)
(0.01 0.005 0.286)
(-0.01 -0.005 0.287)
(0.01 -0.005 0.287)
(-0.01 0.005 0.287)
(0.01 0.005 0.287)
(-0.01 -0.005 0.288)
(0.01 -0.005 0.288)
(-0.01 0.005 0.288)
(0.01 0.005 0.288)
(-0.01 -0.005 0.289)
(0.01 -0.005 0.289)
(-0.01 0.005 0.289)
(0.01 0.005 0.289)
(-0.01 -0.005 0.29)
(0.01 -0.005 0.29)
(-0.01 0.005 0.29)
(0.01 0.005 0.29)
(-0.01 -0.005 0.291)
(0.01 -0.005 0.291)
(-0.01 0.005 0.291)
(0.01 0.005 0.291)
(-0.01 -0.005 0.292)
(0.01 -0.005 0.292)
(-0.01 0.005 0.292)
(0.01 0.005 0.292)
(-0.01 -0.005 0.293)
(0.01 -0.005 0.293)
(-0.01 0.005 0.293)
(0.01 0.005 0.293)
(-0.01 -0.005 0.294)
(0.01 -0.005 0.294)
(-0.01 0.005 0.294)
(0.01 0.005 0.294)
(-0.01 -0.005 0.295)
(0.01 -0.005 0.295)
(-0.01 0.005 0.295)
(0.01 0.005 0.295)
(-0.01 -0.005 0.296)
(0.01 -0.005 0.296)
(-0.01 0.005 0.296)
(0.01 0.005 0.296)
(-0.01 -0.005 0.297)
(0.01 -0.005 0.297)
(-0.01 0.005 0.297)
(0.01 0.005 0.297)
(-0.01 -0.005 0.298)
(0.01 -0.005 0.298)
(-0.01 0.005 0.298)
(0.01 0.005 0.298)
(-0.01 -0.005 0.299)
(0.01 -0.005 0.299)
(-0.01 0.005 0.299)
(0.01 0.005 0.299)
(-0.01 -0.005 0.3)
(0.01 -0.005 0.3)
(-0.01 0.005 0.3)
(0.01 0.005 0.3)
(-0.01 -0.005 0.301)
(0.01 -0.005 0.301)
(-0.01 0.005 0.301)
(0.01 0.005 0.301)
(-0.01 -0.005 0.302)
(0.01 -0.005 0.302)
(-0.01 0.005 0.302)
(0.01 0.005 0.302)
(-0.01 -0.005 0.303)
(0.01 -0.005 0.303)
(-0.01 0.005 0.303)
(0.01 0.005 0.303)
(-0.01 -0.005 0.304)
(0.01 -0.005 0.304)
(-0.01 0.005 0.304)
(0.01 0.005 0.304)
(-0.01 -0.005 0.305)
(0.01 -0.005 0.305)
(-0.01 0.005 0.305)
(0.01 0.005 0.305)
(-0.01 -0.005 0.306)
(0.01 -0.005 0.306)
(-0.01 0.005 0.306)
(0.01 0.005 0.306)
(-0.01 -0.005 0.307)
(0.01 -0.005 0.307)
(-0.01 0.005 0.307)
(0.01 0.005 0.307)
(-0.01 -0.005 0.308)
(0.01 -0.005 0.308)
(-0.01 0.005 0.308)
(0.01 0.005 0.308)
(-0.01 -0.005 0.309)
(0.01 -0.005 0.309)
(-0.01 0.005 0.309)
(0.01 0.005 0.309)
(-0.01 -0.005 0.31)
(0.01 -0.005 0.31)
(-0.01 0.005 0.31)
(0.01 0.005 0.31)
(-0.01 -0.005 0.311)
(0.01 -0.005 0.311)
(-0.01 0.005 0.311)
(0.01 0.005 0.311)
(-0.01 -0.005 0.312)
(0.01 -0.005 0.312)
(-0.01 0.005 0.312)
(0.01 0.005 0.312)
(-0.01 -0.005 0.313)
(0.01 -0.005 0.313)
(-0.01 0.005 0.313)
(0.01 0.005 0.313)
(-0.01 -0.005 0.314)
(0.01 -0.005 0.314)
(-0.01 0.005 0.314)
(0.01 0.005 0.314)
(-0.01 -0.005 0.315)
(0.01 -0.005 0.315)
(-0.01 0.005 0.315)
(0.01 0.005 0.315)
(-0.01 -0.005 0.316)
(0.01 -0.005 0.316)
(-0.01 0.005 0.316)
(0.01 0.005 0.316)
(-0.01 -0.005 0.317)
(0.01 -0.005 0.317)
(-0.01 0.005 0.317)
(0.01 0.005 0.317)
(-0.01 -0.005 0.318)
(0.01 -0.005 0.318)
(-0.01 0.005 0.318)
(0.01 0.005 0.318)
(-0.01 -0.005 0.319)
(0.01 -0.005 0.319)
(-0.01 0.005 0.319)
(0.01 0.005 0.319)
(-0.01 -0.005 0.32)
(0.01 -0.005 0.32)
(-0.01 0.005 0.32)
(0.01 0.005 0.32)
(-0.01 -0.005 0.321)
(0.01 -0.005 0.321)
(-0.01 0.005 0.321)
(0.01 0.005 0.321)
(-0.01 -0.005 0.322)
(0.01 -0.005 0.322)
(-0.01 0.005 0.322)
(0.01 0.005 0.322)
(-0.01 -0.005 0.323)
(0.01 -0.005 0.323)
(-0.01 0.005 0.323)
(0.01 0.005 0.323)
(-0.01 -0.005 0.324)
(0.01 -0.005 0.324)
(-0.01 0.005 0.324)
(0.01 0.005 0.324)
(-0.01 -0.005 0.325)
(0.01 -0.005 0.325)
(-0.01 0.005 0.325)
(0.01 0.005 0.325)
(-0.01 -0.005 0.326)
(0.01 -0.005 0.326)
(-0.01 0.005 0.326)
(0.01 0.005 0.326)
(-0.01 -0.005 0.327)
(0.01 -0.005 0.327)
(-0.01 0.005 0.327)
(0.01 0.005 0.327)
(-0.01 -0.005 0.328)
(0.01 -0.005 0.328)
(-0.01 0.005 0.328)
(0.01 0.005 0.328)
(-0.01 -0.005 0.329)
(0.01 -0.005 0.329)
(-0.01 0.005 0.329)
(0.01 0.005 0.329)
(-0.01 -0.005 0.33)
(0.01 -0.005 0.33)
(-0.01 0.005 0.33)
(0.01 0.005 0.33)
(-0.01 -0.005 0.331)
(0.01 -0.005 0.331)
(-0.01 0.005 0.331)
(0.01 0.005 0.331)
(-0.01 -0.005 0.332)
(0.01 -0.005 0.332)
(-0.01 0.005 0.332)
(0.01 0.005 0.332)
(-0.01 -0.005 0.333)
(0.01 -0.005 0.333)
(-0.01 0.005 0.333)
(0.01 0.005 0.333)
(-0.01 -0.005 0.334)
(0.01 -0.005 0.334)
(-0.01 0.005 0.334)
(0.01 0.005 0.334)
(-0.01 -0.005 0.335)
(0.01 -0.005 0.335)
(-0.01 0.005 0.335)
(0.01 0.005 0.335)
(-0.01 -0.005 0.336)
(0.01 -0.005 0.336)
(-0.01 0.005 0.336)
(0.01 0.005 0.336)
(-0.01 -0.005 0.337)
(0.01 -0.005 0.337)
(-0.01 0.005 0.337)
(0.01 0.005 0.337)
(-0.01 -0.005 0.338)
(0.01 -0.005 0.338)
(-0.01 0.005 0.338)
(0.01 0.005 0.338)
(-0.01 -0.005 0.339)
(0.01 -0.005 0.339)
(-0.01 0.005 0.339)
(0.01 0.005 0.339)
(-0.01 -0.005 0.34)
(0.01 -0.005 0.34)
(-0.01 0.005 0.34)
(0.01 0.005 0.34)
(-0.01 -0.005 0.341)
(0.01 -0.005 0.341)
(-0.01 0.005 0.341)
(0.01 0.005 0.341)
(-0.01 -0.005 0.342)
(0.01 -0.005 0.342)
(-0.01 0.005 0.342)
(0.01 0.005 0.342)
(-0.01 -0.005 0.343)
(0.01 -0.005 0.343)
(-0.01 0.005 0.343)
(0.01 0.005 0.343)
(-0.01 -0.005 0.344)
(0.01 -0.005 0.344)
(-0.01 0.005 0.344)
(0.01 0.005 0.344)
(-0.01 -0.005 0.345)
(0.01 -0.005 0.345)
(-0.01 0.005 0.345)
(0.01 0.005 0.345)
(-0.01 -0.005 0.346)
(0.01 -0.005 0.346)
(-0.01 0.005 0.346)
(0.01 0.005 0.346)
(-0.01 -0.005 0.347)
(0.01 -0.005 0.347)
(-0.01 0.005 0.347)
(0.01 0.005 0.347)
(-0.01 -0.005 0.348)
(0.01 -0.005 0.348)
(-0.01 0.005 0.348)
(0.01 0.005 0.348)
(-0.01 -0.005 0.349)
(0.01 -0.005 0.349)
(-0.01 0.005 0.349)
(0.01 0.005 0.349)
(-0.01 -0.005 0.35)
(0.01 -0.005 0.35)
(-0.01 0.005 0.35)
(0.01 0.005 0.35)
(-0.01 -0.005 0.351)
(0.01 -0.005 0.351)
(-0.01 0.005 0.351)
(0.01 0.005 0.351)
(-0.01 -0.005 0.352)
(0.01 -0.005 0.352)
(-0.01 0.005 0.352)
(0.01 0.005 0.352)
(-0.01 -0.005 0.353)
(0.01 -0.005 0.353)
(-0.01 0.005 0.353)
(0.01 0.005 0.353)
(-0.01 -0.005 0.354)
(0.01 -0.005 0.354)
(-0.01 0.005 0.354)
(0.01 0.005 0.354)
(-0.01 -0.005 0.355)
(0.01 -0.005 0.355)
(-0.01 0.005 0.355)
(0.01 0.005 0.355)
(-0.01 -0.005 0.356)
(0.01 -0.005 0.356)
(-0.01 0.005 0.356)
(0.01 0.005 0.356)
(-0.01 -0.005 0.357)
(0.01 -0.005 0.357)
(-0.01 0.005 0.357)
(0.01 0.005 0.357)
(-0.01 -0.005 0.358)
(0.01 -0.005 0.358)
(-0.01 0.005 0.358)
(0.01 0.005 0.358)
(-0.01 -0.005 0.359)
(0.01 -0.005 0.359)
(-0.01 0.005 0.359)
(0.01 0.005 0.359)
(-0.01 -0.005 0.36)
(0.01 -0.005 0.36)
(-0.01 0.005 0.36)
(0.01 0.005 0.36)
(-0.01 -0.005 0.361)
(0.01 -0.005 0.361)
(-0.01 0.005 0.361)
(0.01 0.005 0.361)
(-0.01 -0.005 0.362)
(0.01 -0.005 0.362)
(-0.01 0.005 0.362)
(0.01 0.005 0.362)
(-0.01 -0.005 0.363)
(0.01 -0.005 0.363)
(-0.01 0.005 0.363)
(0.01 0.005 0.363)
(-0.01 -0.005 0.364)
(0.01 -0.005 0.364)
(-0.01 0.005 0.364)
(0.01 0.005 0.364)
(-0.01 -0.005 0.365)
(0.01 -0.005 0.365)
(-0.01 0.005 0.365)
(0.01 0.005 0.365)
(-0.01 -0.005 0.366)
(0.01 -0.005 0.366)
(-0.01 0.005 0.366)
(0.01 0.005 0.366)
(-0.01 -0.005 0.367)
(0.01 -0.005 0.367)
(-0.01 0.005 0.367)
(0.01 0.005 0.367)
(-0.01 -0.005 0.368)
(0.01 -0.005 0.368)
(-0.01 0.005 0.368)
(0.01 0.005 0.368)
(-0.01 -0.005 0.369)
(0.01 -0.005 0.369)
(-0.01 0.005 0.369)
(0.01 0.005 0.369)
(-0.01 -0.005 0.37)
(0.01 -0.005 0.37)
(-0.01 0.005 0.37)
(0.01 0.005 0.37)
(-0.01 -0.005 0.371)
(0.01 -0.005 0.371)
(-0.01 0.005 0.371)
(0.01 0.005 0.371)
(-0.01 -0.005 0.372)
(0.01 -0.005 0.372)
(-0.01 0.005 0.372)
(0.01 0.005 0.372)
(-0.01 -0.005 0.373)
(0.01 -0.005 0.373)
(-0.01 0.005 0.373)
(0.01 0.005 0.373)
(-0.01 -0.005 0.374)
(0.01 -0.005 0.374)
(-0.01 0.005 0.374)
(0.01 0.005 0.374)
(-0.01 -0.005 0.375)
(0.01 -0.005 0.375)
(-0.01 0.005 0.375)
(0.01 0.005 0.375)
(-0.01 -0.005 0.376)
(0.01 -0.005 0.376)
(-0.01 0.005 0.376)
(0.01 0.005 0.376)
(-0.01 -0.005 0.377)
(0.01 -0.005 0.377)
(-0.01 0.005 0.377)
(0.01 0.005 0.377)
(-0.01 -0.005 0.378)
(0.01 -0.005 0.378)
(-0.01 0.005 0.378)
(0.01 0.005 0.378)
(-0.01 -0.005 0.379)
(0.01 -0.005 0.379)
(-0.01 0.005 0.379)
(0.01 0.005 0.379)
(-0.01 -0.005 0.38)
(0.01 -0.005 0.38)
(-0.01 0.005 0.38)
(0.01 0.005 0.38)
(-0.01 -0.005 0.381)
(0.01 -0.005 0.381)
(-0.01 0.005 0.381)
(0.01 0.005 0.381)
(-0.01 -0.005 0.382)
(0.01 -0.005 0.382)
(-0.01 0.005 0.382)
(0.01 0.005 0.382)
(-0.01 -0.005 0.383)
(0.01 -0.005 0.383)
(-0.01 0.005 0.383)
(0.01 0.005 0.383)
(-0.01 -0.005 0.384)
(0.01 -0.005 0.384)
(-0.01 0.005 0.384)
(0.01 0.005 0.384)
(-0.01 -0.005 0.385)
(0.01 -0.005 0.385)
(-0.01 0.005 0.385)
(0.01 0.005 0.385)
(-0.01 -0.005 0.386)
(0.01 -0.005 0.386)
(-0.01 0.005 0.386)
(0.01 0.005 0.386)
(-0.01 -0.005 0.387)
(0.01 -0.005 0.387)
(-0.01 0.005 0.387)
(0.01 0.005 0.387)
(-0.01 -0.005 0.388)
(0.01 -0.005 0.388)
(-0.01 0.005 0.388)
(0.01 0.005 0.388)
(-0.01 -0.005 0.389)
(0.01 -0.005 0.389)
(-0.01 0.005 0.389)
(0.01 0.005 0.389)
(-0.01 -0.005 0.39)
(0.01 -0.005 0.39)
(-0.01 0.005 0.39)
(0.01 0.005 0.39)
(-0.01 -0.005 0.391)
(0.01 -0.005 0.391)
(-0.01 0.005 0.391)
(0.01 0.005 0.391)
(-0.01 -0.005 0.392)
(0.01 -0.005 0.392)
(-0.01 0.005 0.392)
(0.01 0.005 0.392)
(-0.01 -0.005 0.393)
(0.01 -0.005 0.393)
(-0.01 0.005 0.393)
(0.01 0.005 0.393)
(-0.01 -0.005 0.394)
(0.01 -0.005 0.394)
(-0.01 0.005 0.394)
(0.01 0.005 0.394)
(-0.01 -0.005 0.395)
(0.01 -0.005 0.395)
(-0.01 0.005 0.395)
(0.01 0.005 0.395)
(-0.01 -0.005 0.396)
(0.01 -0.005 0.396)
(-0.01 0.005 0.396)
(0.01 0.005 0.396)
(-0.01 -0.005 0.397)
(0.01 -0.005 0.397)
(-0.01 0.005 0.397)
(0.01 0.005 0.397)
(-0.01 -0.005 0.398)
(0.01 -0.005 0.398)
(-0.01 0.005 0.398)
(0.01 0.005 0.398)
(-0.01 -0.005 0.399)
(0.01 -0.005 0.399)
(-0.01 0.005 0.399)
(0.01 0.005 0.399)
(-0.01 -0.005 0.4)
(0.01 -0.005 0.4)
(-0.01 0.005 0.4)
(0.01 0.005 0.4)
(-0.01 -0.005 0.401)
(0.01 -0.005 0.401)
(-0.01 0.005 0.401)
(0.01 0.005 0.401)
(-0.01 -0.005 0.402)
(0.01 -0.005 0.402)
(-0.01 0.005 0.402)
(0.01 0.005 0.402)
(-0.01 -0.005 0.403)
(0.01 -0.005 0.403)
(-0.01 0.005 0.403)
(0.01 0.005 0.403)
(-0.01 -0.005 0.404)
(0.01 -0.005 0.404)
(-0.01 0.005 0.404)
(0.01 0.005 0.404)
(-0.01 -0.005 0.405)
(0.01 -0.005 0.405)
(-0.01 0.005 0.405)
(0.01 0.005 0.405)
(-0.01 -0.005 0.406)
(0.01 -0.005 0.406)
(-0.01 0.005 0.406)
(0.01 0.005 0.406)
(-0.01 -0.005 0.407)
(0.01 -0.005 0.407)
(-0.01 0.005 0.407)
(0.01 0.005 0.407)
(-0.01 -0.005 0.408)
(0.01 -0.005 0.408)
(-0.01 0.005 0.408)
(0.01 0.005 0.408)
(-0.01 -0.005 0.409)
(0.01 -0.005 0.409)
(-0.01 0.005 0.409)
(0.01 0.005 0.409)
(-0.01 -0.005 0.41)
(0.01 -0.005 0.41)
(-0.01 0.005 0.41)
(0.01 0.005 0.41)
(-0.01 -0.005 0.411)
(0.01 -0.005 0.411)
(-0.01 0.005 0.411)
(0.01 0.005 0.411)
(-0.01 -0.005 0.412)
(0.01 -0.005 0.412)
(-0.01 0.005 0.412)
(0.01 0.005 0.412)
(-0.01 -0.005 0.413)
(0.01 -0.005 0.413)
(-0.01 0.005 0.413)
(0.01 0.005 0.413)
(-0.01 -0.005 0.414)
(0.01 -0.005 0.414)
(-0.01 0.005 0.414)
(0.01 0.005 0.414)
(-0.01 -0.005 0.415)
(0.01 -0.005 0.415)
(-0.01 0.005 0.415)
(0.01 0.005 0.415)
(-0.01 -0.005 0.416)
(0.01 -0.005 0.416)
(-0.01 0.005 0.416)
(0.01 0.005 0.416)
(-0.01 -0.005 0.417)
(0.01 -0.005 0.417)
(-0.01 0.005 0.417)
(0.01 0.005 0.417)
(-0.01 -0.005 0.418)
(0.01 -0.005 0.418)
(-0.01 0.005 0.418)
(0.01 0.005 0.418)
(-0.01 -0.005 0.419)
(0.01 -0.005 0.419)
(-0.01 0.005 0.419)
(0.01 0.005 0.419)
(-0.01 -0.005 0.42)
(0.01 -0.005 0.42)
(-0.01 0.005 0.42)
(0.01 0.005 0.42)
(-0.01 -0.005 0.421)
(0.01 -0.005 0.421)
(-0.01 0.005 0.421)
(0.01 0.005 0.421)
(-0.01 -0.005 0.422)
(0.01 -0.005 0.422)
(-0.01 0.005 0.422)
(0.01 0.005 0.422)
(-0.01 -0.005 0.423)
(0.01 -0.005 0.423)
(-0.01 0.005 0.423)
(0.01 0.005 0.423)
(-0.01 -0.005 0.424)
(0.01 -0.005 0.424)
(-0.01 0.005 0.424)
(0.01 0.005 0.424)
(-0.01 -0.005 0.425)
(0.01 -0.005 0.425)
(-0.01 0.005 0.425)
(0.01 0.005 0.425)
(-0.01 -0.005 0.426)
(0.01 -0.005 0.426)
(-0.01 0.005 0.426)
(0.01 0.005 0.426)
(-0.01 -0.005 0.427)
(0.01 -0.005 0.427)
(-0.01 0.005 0.427)
(0.01 0.005 0.427)
(-0.01 -0.005 0.428)
(0.01 -0.005 0.428)
(-0.01 0.005 0.428)
(0.01 0.005 0.428)
(-0.01 -0.005 0.429)
(0.01 -0.005 0.429)
(-0.01 0.005 0.429)
(0.01 0.005 0.429)
(-0.01 -0.005 0.43)
(0.01 -0.005 0.43)
(-0.01 0.005 0.43)
(0.01 0.005 0.43)
(-0.01 -0.005 0.431)
(0.01 -0.005 0.431)
(-0.01 0.005 0.431)
(0.01 0.005 0.431)
(-0.01 -0.005 0.432)
(0.01 -0.005 0.432)
(-0.01 0.005 0.432)
(0.01 0.005 0.432)
(-0.01 -0.005 0.433)
(0.01 -0.005 0.433)
(-0.01 0.005 0.433)
(0.01 0.005 0.433)
(-0.01 -0.005 0.434)
(0.01 -0.005 0.434)
(-0.01 0.005 0.434)
(0.01 0.005 0.434)
(-0.01 -0.005 0.435)
(0.01 -0.005 0.435)
(-0.01 0.005 0.435)
(0.01 0.005 0.435)
(-0.01 -0.005 0.436)
(0.01 -0.005 0.436)
(-0.01 0.005 0.436)
(0.01 0.005 0.436)
(-0.01 -0.005 0.437)
(0.01 -0.005 0.437)
(-0.01 0.005 0.437)
(0.01 0.005 0.437)
(-0.01 -0.005 0.438)
(0.01 -0.005 0.438)
(-0.01 0.005 0.438)
(0.01 0.005 0.438)
(-0.01 -0.005 0.439)
(0.01 -0.005 0.439)
(-0.01 0.005 0.439)
(0.01 0.005 0.439)
(-0.01 -0.005 0.44)
(0.01 -0.005 0.44)
(-0.01 0.005 0.44)
(0.01 0.005 0.44)
(-0.01 -0.005 0.441)
(0.01 -0.005 0.441)
(-0.01 0.005 0.441)
(0.01 0.005 0.441)
(-0.01 -0.005 0.442)
(0.01 -0.005 0.442)
(-0.01 0.005 0.442)
(0.01 0.005 0.442)
(-0.01 -0.005 0.443)
(0.01 -0.005 0.443)
(-0.01 0.005 0.443)
(0.01 0.005 0.443)
(-0.01 -0.005 0.444)
(0.01 -0.005 0.444)
(-0.01 0.005 0.444)
(0.01 0.005 0.444)
(-0.01 -0.005 0.445)
(0.01 -0.005 0.445)
(-0.01 0.005 0.445)
(0.01 0.005 0.445)
(-0.01 -0.005 0.446)
(0.01 -0.005 0.446)
(-0.01 0.005 0.446)
(0.01 0.005 0.446)
(-0.01 -0.005 0.447)
(0.01 -0.005 0.447)
(-0.01 0.005 0.447)
(0.01 0.005 0.447)
(-0.01 -0.005 0.448)
(0.01 -0.005 0.448)
(-0.01 0.005 0.448)
(0.01 0.005 0.448)
(-0.01 -0.005 0.449)
(0.01 -0.005 0.449)
(-0.01 0.005 0.449)
(0.01 0.005 0.449)
(-0.01 -0.005 0.45)
(0.01 -0.005 0.45)
(-0.01 0.005 0.45)
(0.01 0.005 0.45)
(-0.01 -0.005 0.451)
(0.01 -0.005 0.451)
(-0.01 0.005 0.451)
(0.01 0.005 0.451)
(-0.01 -0.005 0.452)
(0.01 -0.005 0.452)
(-0.01 0.005 0.452)
(0.01 0.005 0.452)
(-0.01 -0.005 0.453)
(0.01 -0.005 0.453)
(-0.01 0.005 0.453)
(0.01 0.005 0.453)
(-0.01 -0.005 0.454)
(0.01 -0.005 0.454)
(-0.01 0.005 0.454)
(0.01 0.005 0.454)
(-0.01 -0.005 0.455)
(0.01 -0.005 0.455)
(-0.01 0.005 0.455)
(0.01 0.005 0.455)
(-0.01 -0.005 0.456)
(0.01 -0.005 0.456)
(-0.01 0.005 0.456)
(0.01 0.005 0.456)
(-0.01 -0.005 0.457)
(0.01 -0.005 0.457)
(-0.01 0.005 0.457)
(0.01 0.005 0.457)
(-0.01 -0.005 0.458)
(0.01 -0.005 0.458)
(-0.01 0.005 0.458)
(0.01 0.005 0.458)
(-0.01 -0.005 0.459)
(0.01 -0.005 0.459)
(-0.01 0.005 0.459)
(0.01 0.005 0.459)
(-0.01 -0.005 0.46)
(0.01 -0.005 0.46)
(-0.01 0.005 0.46)
(0.01 0.005 0.46)
(-0.01 -0.005 0.461)
(0.01 -0.005 0.461)
(-0.01 0.005 0.461)
(0.01 0.005 0.461)
(-0.01 -0.005 0.462)
(0.01 -0.005 0.462)
(-0.01 0.005 0.462)
(0.01 0.005 0.462)
(-0.01 -0.005 0.463)
(0.01 -0.005 0.463)
(-0.01 0.005 0.463)
(0.01 0.005 0.463)
(-0.01 -0.005 0.464)
(0.01 -0.005 0.464)
(-0.01 0.005 0.464)
(0.01 0.005 0.464)
(-0.01 -0.005 0.465)
(0.01 -0.005 0.465)
(-0.01 0.005 0.465)
(0.01 0.005 0.465)
(-0.01 -0.005 0.466)
(0.01 -0.005 0.466)
(-0.01 0.005 0.466)
(0.01 0.005 0.466)
(-0.01 -0.005 0.467)
(0.01 -0.005 0.467)
(-0.01 0.005 0.467)
(0.01 0.005 0.467)
(-0.01 -0.005 0.468)
(0.01 -0.005 0.468)
(-0.01 0.005 0.468)
(0.01 0.005 0.468)
(-0.01 -0.005 0.469)
(0.01 -0.005 0.469)
(-0.01 0.005 0.469)
(0.01 0.005 0.469)
(-0.01 -0.005 0.47)
(0.01 -0.005 0.47)
(-0.01 0.005 0.47)
(0.01 0.005 0.47)
(-0.01 -0.005 0.471)
(0.01 -0.005 0.471)
(-0.01 0.005 0.471)
(0.01 0.005 0.471)
(-0.01 -0.005 0.472)
(0.01 -0.005 0.472)
(-0.01 0.005 0.472)
(0.01 0.005 0.472)
(-0.01 -0.005 0.473)
(0.01 -0.005 0.473)
(-0.01 0.005 0.473)
(0.01 0.005 0.473)
(-0.01 -0.005 0.474)
(0.01 -0.005 0.474)
(-0.01 0.005 0.474)
(0.01 0.005 0.474)
(-0.01 -0.005 0.475)
(0.01 -0.005 0.475)
(-0.01 0.005 0.475)
(0.01 0.005 0.475)
(-0.01 -0.005 0.476)
(0.01 -0.005 0.476)
(-0.01 0.005 0.476)
(0.01 0.005 0.476)
(-0.01 -0.005 0.477)
(0.01 -0.005 0.477)
(-0.01 0.005 0.477)
(0.01 0.005 0.477)
(-0.01 -0.005 0.478)
(0.01 -0.005 0.478)
(-0.01 0.005 0.478)
(0.01 0.005 0.478)
(-0.01 -0.005 0.479)
(0.01 -0.005 0.479)
(-0.01 0.005 0.479)
(0.01 0.005 0.479)
(-0.01 -0.005 0.48)
(0.01 -0.005 0.48)
(-0.01 0.005 0.48)
(0.01 0.005 0.48)
(-0.01 -0.005 0.481)
(0.01 -0.005 0.481)
(-0.01 0.005 0.481)
(0.01 0.005 0.481)
(-0.01 -0.005 0.482)
(0.01 -0.005 0.482)
(-0.01 0.005 0.482)
(0.01 0.005 0.482)
(-0.01 -0.005 0.483)
(0.01 -0.005 0.483)
(-0.01 0.005 0.483)
(0.01 0.005 0.483)
(-0.01 -0.005 0.484)
(0.01 -0.005 0.484)
(-0.01 0.005 0.484)
(0.01 0.005 0.484)
(-0.01 -0.005 0.485)
(0.01 -0.005 0.485)
(-0.01 0.005 0.485)
(0.01 0.005 0.485)
(-0.01 -0.005 0.486)
(0.01 -0.005 0.486)
(-0.01 0.005 0.486)
(0.01 0.005 0.486)
(-0.01 -0.005 0.487)
(0.01 -0.005 0.487)
(-0.01 0.005 0.487)
(0.01 0.005 0.487)
(-0.01 -0.005 0.488)
(0.01 -0.005 0.488)
(-0.01 0.005 0.488)
(0.01 0.005 0.488)
(-0.01 -0.005 0.489)
(0.01 -0.005 0.489)
(-0.01 0.005 0.489)
(0.01 0.005 0.489)
(-0.01 -0.005 0.49)
(0.01 -0.005 0.49)
(-0.01 0.005 0.49)
(0.01 0.005 0.49)
(-0.01 -0.005 0.491)
(0.01 -0.005 0.491)
(-0.01 0.005 0.491)
(0.01 0.005 0.491)
(-0.01 -0.005 0.492)
(0.01 -0.005 0.492)
(-0.01 0.005 0.492)
(0.01 0.005 0.492)
(-0.01 -0.005 0.493)
(0.01 -0.005 0.493)
(-0.01 0.005 0.493)
(0.01 0.005 0.493)
(-0.01 -0.005 0.494)
(0.01 -0.005 0.494)
(-0.01 0.005 0.494)
(0.01 0.005 0.494)
(-0.01 -0.005 0.495)
(0.01 -0.005 0.495)
(-0.01 0.005 0.495)
(0.01 0.005 0.495)
(-0.01 -0.005 0.496)
(0.01 -0.005 0.496)
(-0.01 0.005 0.496)
(0.01 0.005 0.496)
(-0.01 -0.005 0.497)
(0.01 -0.005 0.497)
(-0.01 0.005 0.497)
(0.01 0.005 0.497)
(-0.01 -0.005 0.498)
(0.01 -0.005 0.498)
(-0.01 0.005 0.498)
(0.01 0.005 0.498)
(-0.01 -0.005 0.499)
(0.01 -0.005 0.499)
(-0.01 0.005 0.499)
(0.01 0.005 0.499)
(-0.01 -0.005 0.5)
(0.01 -0.005 0.5)
(-0.01 0.005 0.5)
(0.01 0.005 0.5)
(-0.01 -0.005 0.501)
(0.01 -0.005 0.501)
(-0.01 0.005 0.501)
(0.01 0.005 0.501)
(-0.01 -0.005 0.502)
(0.01 -0.005 0.502)
(-0.01 0.005 0.502)
(0.01 0.005 0.502)
(-0.01 -0.005 0.503)
(0.01 -0.005 0.503)
(-0.01 0.005 0.503)
(0.01 0.005 0.503)
(-0.01 -0.005 0.504)
(0.01 -0.005 0.504)
(-0.01 0.005 0.504)
(0.01 0.005 0.504)
(-0.01 -0.005 0.505)
(0.01 -0.005 0.505)
(-0.01 0.005 0.505)
(0.01 0.005 0.505)
(-0.01 -0.005 0.506)
(0.01 -0.005 0.506)
(-0.01 0.005 0.506)
(0.01 0.005 0.506)
(-0.01 -0.005 0.507)
(0.01 -0.005 0.507)
(-0.01 0.005 0.507)
(0.01 0.005 0.507)
(-0.01 -0.005 0.508)
(0.01 -0.005 0.508)
(-0.01 0.005 0.508)
(0.01 0.005 0.508)
(-0.01 -0.005 0.509)
(0.01 -0.005 0.509)
(-0.01 0.005 0.509)
(0.01 0.005 0.509)
(-0.01 -0.005 0.51)
(0.01 -0.005 0.51)
(-0.01 0.005 0.51)
(0.01 0.005 0.51)
(-0.01 -0.005 0.511)
(0.01 -0.005 0.511)
(-0.01 0.005 0.511)
(0.01 0.005 0.511)
(-0.01 -0.005 0.512)
(0.01 -0.005 0.512)
(-0.01 0.005 0.512)
(0.01 0.005 0.512)
(-0.01 -0.005 0.513)
(0.01 -0.005 0.513)
(-0.01 0.005 0.513)
(0.01 0.005 0.513)
(-0.01 -0.005 0.514)
(0.01 -0.005 0.514)
(-0.01 0.005 0.514)
(0.01 0.005 0.514)
(-0.01 -0.005 0.515)
(0.01 -0.005 0.515)
(-0.01 0.005 0.515)
(0.01 0.005 0.515)
(-0.01 -0.005 0.516)
(0.01 -0.005 0.516)
(-0.01 0.005 0.516)
(0.01 0.005 0.516)
(-0.01 -0.005 0.517)
(0.01 -0.005 0.517)
(-0.01 0.005 0.517)
(0.01 0.005 0.517)
(-0.01 -0.005 0.518)
(0.01 -0.005 0.518)
(-0.01 0.005 0.518)
(0.01 0.005 0.518)
(-0.01 -0.005 0.519)
(0.01 -0.005 0.519)
(-0.01 0.005 0.519)
(0.01 0.005 0.519)
(-0.01 -0.005 0.52)
(0.01 -0.005 0.52)
(-0.01 0.005 0.52)
(0.01 0.005 0.52)
(-0.01 -0.005 0.521)
(0.01 -0.005 0.521)
(-0.01 0.005 0.521)
(0.01 0.005 0.521)
(-0.01 -0.005 0.522)
(0.01 -0.005 0.522)
(-0.01 0.005 0.522)
(0.01 0.005 0.522)
(-0.01 -0.005 0.523)
(0.01 -0.005 0.523)
(-0.01 0.005 0.523)
(0.01 0.005 0.523)
(-0.01 -0.005 0.524)
(0.01 -0.005 0.524)
(-0.01 0.005 0.524)
(0.01 0.005 0.524)
(-0.01 -0.005 0.525)
(0.01 -0.005 0.525)
(-0.01 0.005 0.525)
(0.01 0.005 0.525)
(-0.01 -0.005 0.526)
(0.01 -0.005 0.526)
(-0.01 0.005 0.526)
(0.01 0.005 0.526)
(-0.01 -0.005 0.527)
(0.01 -0.005 0.527)
(-0.01 0.005 0.527)
(0.01 0.005 0.527)
(-0.01 -0.005 0.528)
(0.01 -0.005 0.528)
(-0.01 0.005 0.528)
(0.01 0.005 0.528)
(-0.01 -0.005 0.529)
(0.01 -0.005 0.529)
(-0.01 0.005 0.529)
(0.01 0.005 0.529)
(-0.01 -0.005 0.53)
(0.01 -0.005 0.53)
(-0.01 0.005 0.53)
(0.01 0.005 0.53)
(-0.01 -0.005 0.531)
(0.01 -0.005 0.531)
(-0.01 0.005 0.531)
(0.01 0.005 0.531)
(-0.01 -0.005 0.532)
(0.01 -0.005 0.532)
(-0.01 0.005 0.532)
(0.01 0.005 0.532)
(-0.01 -0.005 0.533)
(0.01 -0.005 0.533)
(-0.01 0.005 0.533)
(0.01 0.005 0.533)
(-0.01 -0.005 0.534)
(0.01 -0.005 0.534)
(-0.01 0.005 0.534)
(0.01 0.005 0.534)
(-0.01 -0.005 0.535)
(0.01 -0.005 0.535)
(-0.01 0.005 0.535)
(0.01 0.005 0.535)
(-0.01 -0.005 0.536)
(0.01 -0.005 0.536)
(-0.01 0.005 0.536)
(0.01 0.005 0.536)
(-0.01 -0.005 0.537)
(0.01 -0.005 0.537)
(-0.01 0.005 0.537)
(0.01 0.005 0.537)
(-0.01 -0.005 0.538)
(0.01 -0.005 0.538)
(-0.01 0.005 0.538)
(0.01 0.005 0.538)
(-0.01 -0.005 0.539)
(0.01 -0.005 0.539)
(-0.01 0.005 0.539)
(0.01 0.005 0.539)
(-0.01 -0.005 0.54)
(0.01 -0.005 0.54)
(-0.01 0.005 0.54)
(0.01 0.005 0.54)
(-0.01 -0.005 0.541)
(0.01 -0.005 0.541)
(-0.01 0.005 0.541)
(0.01 0.005 0.541)
(-0.01 -0.005 0.542)
(0.01 -0.005 0.542)
(-0.01 0.005 0.542)
(0.01 0.005 0.542)
(-0.01 -0.005 0.543)
(0.01 -0.005 0.543)
(-0.01 0.005 0.543)
(0.01 0.005 0.543)
(-0.01 -0.005 0.544)
(0.01 -0.005 0.544)
(-0.01 0.005 0.544)
(0.01 0.005 0.544)
(-0.01 -0.005 0.545)
(0.01 -0.005 0.545)
(-0.01 0.005 0.545)
(0.01 0.005 0.545)
(-0.01 -0.005 0.546)
(0.01 -0.005 0.546)
(-0.01 0.005 0.546)
(0.01 0.005 0.546)
(-0.01 -0.005 0.547)
(0.01 -0.005 0.547)
(-0.01 0.005 0.547)
(0.01 0.005 0.547)
(-0.01 -0.005 0.548)
(0.01 -0.005 0.548)
(-0.01 0.005 0.548)
(0.01 0.005 0.548)
(-0.01 -0.005 0.549)
(0.01 -0.005 0.549)
(-0.01 0.005 0.549)
(0.01 0.005 0.549)
(-0.01 -0.005 0.55)
(0.01 -0.005 0.55)
(-0.01 0.005 0.55)
(0.01 0.005 0.55)
(-0.01 -0.005 0.551)
(0.01 -0.005 0.551)
(-0.01 0.005 0.551)
(0.01 0.005 0.551)
(-0.01 -0.005 0.552)
(0.01 -0.005 0.552)
(-0.01 0.005 0.552)
(0.01 0.005 0.552)
(-0.01 -0.005 0.553)
(0.01 -0.005 0.553)
(-0.01 0.005 0.553)
(0.01 0.005 0.553)
(-0.01 -0.005 0.554)
(0.01 -0.005 0.554)
(-0.01 0.005 0.554)
(0.01 0.005 0.554)
(-0.01 -0.005 0.555)
(0.01 -0.005 0.555)
(-0.01 0.005 0.555)
(0.01 0.005 0.555)
(-0.01 -0.005 0.556)
(0.01 -0.005 0.556)
(-0.01 0.005 0.556)
(0.01 0.005 0.556)
(-0.01 -0.005 0.557)
(0.01 -0.005 0.557)
(-0.01 0.005 0.557)
(0.01 0.005 0.557)
(-0.01 -0.005 0.558)
(0.01 -0.005 0.558)
(-0.01 0.005 0.558)
(0.01 0.005 0.558)
(-0.01 -0.005 0.559)
(0.01 -0.005 0.559)
(-0.01 0.005 0.559)
(0.01 0.005 0.559)
(-0.01 -0.005 0.56)
(0.01 -0.005 0.56)
(-0.01 0.005 0.56)
(0.01 0.005 0.56)
(-0.01 -0.005 0.561)
(0.01 -0.005 0.561)
(-0.01 0.005 0.561)
(0.01 0.005 0.561)
(-0.01 -0.005 0.562)
(0.01 -0.005 0.562)
(-0.01 0.005 0.562)
(0.01 0.005 0.562)
(-0.01 -0.005 0.563)
(0.01 -0.005 0.563)
(-0.01 0.005 0.563)
(0.01 0.005 0.563)
(-0.01 -0.005 0.564)
(0.01 -0.005 0.564)
(-0.01 0.005 0.564)
(0.01 0.005 0.564)
(-0.01 -0.005 0.565)
(0.01 -0.005 0.565)
(-0.01 0.005 0.565)
(0.01 0.005 0.565)
(-0.01 -0.005 0.566)
(0.01 -0.005 0.566)
(-0.01 0.005 0.566)
(0.01 0.005 0.566)
(-0.01 -0.005 0.567)
(0.01 -0.005 0.567)
(-0.01 0.005 0.567)
(0.01 0.005 0.567)
(-0.01 -0.005 0.568)
(0.01 -0.005 0.568)
(-0.01 0.005 0.568)
(0.01 0.005 0.568)
(-0.01 -0.005 0.569)
(0.01 -0.005 0.569)
(-0.01 0.005 0.569)
(0.01 0.005 0.569)
(-0.01 -0.005 0.57)
(0.01 -0.005 0.57)
(-0.01 0.005 0.57)
(0.01 0.005 0.57)
(-0.01 -0.005 0.571)
(0.01 -0.005 0.571)
(-0.01 0.005 0.571)
(0.01 0.005 0.571)
(-0.01 -0.005 0.572)
(0.01 -0.005 0.572)
(-0.01 0.005 0.572)
(0.01 0.005 0.572)
(-0.01 -0.005 0.573)
(0.01 -0.005 0.573)
(-0.01 0.005 0.573)
(0.01 0.005 0.573)
(-0.01 -0.005 0.574)
(0.01 -0.005 0.574)
(-0.01 0.005 0.574)
(0.01 0.005 0.574)
(-0.01 -0.005 0.575)
(0.01 -0.005 0.575)
(-0.01 0.005 0.575)
(0.01 0.005 0.575)
(-0.01 -0.005 0.576)
(0.01 -0.005 0.576)
(-0.01 0.005 0.576)
(0.01 0.005 0.576)
(-0.01 -0.005 0.577)
(0.01 -0.005 0.577)
(-0.01 0.005 0.577)
(0.01 0.005 0.577)
(-0.01 -0.005 0.578)
(0.01 -0.005 0.578)
(-0.01 0.005 0.578)
(0.01 0.005 0.578)
(-0.01 -0.005 0.579)
(0.01 -0.005 0.579)
(-0.01 0.005 0.579)
(0.01 0.005 0.579)
(-0.01 -0.005 0.58)
(0.01 -0.005 0.58)
(-0.01 0.005 0.58)
(0.01 0.005 0.58)
(-0.01 -0.005 0.581)
(0.01 -0.005 0.581)
(-0.01 0.005 0.581)
(0.01 0.005 0.581)
(-0.01 -0.005 0.582)
(0.01 -0.005 0.582)
(-0.01 0.005 0.582)
(0.01 0.005 0.582)
(-0.01 -0.005 0.583)
(0.01 -0.005 0.583)
(-0.01 0.005 0.583)
(0.01 0.005 0.583)
(-0.01 -0.005 0.584)
(0.01 -0.005 0.584)
(-0.01 0.005 0.584)
(0.01 0.005 0.584)
(-0.01 -0.005 0.585)
(0.01 -0.005 0.585)
(-0.01 0.005 0.585)
(0.01 0.005 0.585)
(-0.01 -0.005 0.586)
(0.01 -0.005 0.586)
(-0.01 0.005 0.586)
(0.01 0.005 0.586)
(-0.01 -0.005 0.587)
(0.01 -0.005 0.587)
(-0.01 0.005 0.587)
(0.01 0.005 0.587)
(-0.01 -0.005 0.588)
(0.01 -0.005 0.588)
(-0.01 0.005 0.588)
(0.01 0.005 0.588)
(-0.01 -0.005 0.589)
(0.01 -0.005 0.589)
(-0.01 0.005 0.589)
(0.01 0.005 0.589)
(-0.01 -0.005 0.59)
(0.01 -0.005 0.59)
(-0.01 0.005 0.59)
(0.01 0.005 0.59)
(-0.01 -0.005 0.591)
(0.01 -0.005 0.591)
(-0.01 0.005 0.591)
(0.01 0.005 0.591)
(-0.01 -0.005 0.592)
(0.01 -0.005 0.592)
(-0.01 0.005 0.592)
(0.01 0.005 0.592)
(-0.01 -0.005 0.593)
(0.01 -0.005 0.593)
(-0.01 0.005 0.593)
(0.01 0.005 0.593)
(-0.01 -0.005 0.594)
(0.01 -0.005 0.594)
(-0.01 0.005 0.594)
(0.01 0.005 0.594)
(-0.01 -0.005 0.595)
(0.01 -0.005 0.595)
(-0.01 0.005 0.595)
(0.01 0.005 0.595)
(-0.01 -0.005 0.596)
(0.01 -0.005 0.596)
(-0.01 0.005 0.596)
(0.01 0.005 0.596)
(-0.01 -0.005 0.597)
(0.01 -0.005 0.597)
(-0.01 0.005 0.597)
(0.01 0.005 0.597)
(-0.01 -0.005 0.598)
(0.01 -0.005 0.598)
(-0.01 0.005 0.598)
(0.01 0.005 0.598)
(-0.01 -0.005 0.599)
(0.01 -0.005 0.599)
(-0.01 0.005 0.599)
(0.01 0.005 0.599)
(-0.01 -0.005 0.6)
(0.01 -0.005 0.6)
(-0.01 0.005 0.6)
(0.01 0.005 0.6)
)


// ************************************************************************* //
