/*--------------------------------*- C++ -*----------------------------------*\
| =========                 |                                                 |
| \\      /  F ield         | OpenFOAM: The Open Source CFD Toolbox           |
|  \\    /   O peration     | Version:  2.4.0                                 |
|   \\  /    A nd           | Web:      www.OpenFOAM.org                      |
|    \\/     M anipulation  |                                                 |
\*---------------------------------------------------------------------------*/
FoamFile
{
    version     2.0;
    format      ascii;
    class       vectorField;
    location    "constant/polyMesh";
    object      points;
}
// * * * * * * * * * * * * * * * * * * * * * * * * * * * * * * * * * * * * * //


2544
(
(-0.002 -0.001 0)
(0.002 -0.001 0)
(-0.002 0.001 0)
(0.002 0.001 0)
(-0.002 -0.001 0.00025)
(0.002 -0.001 0.00025)
(-0.002 0.001 0.00025)
(0.002 0.001 0.00025)
(-0.002 -0.001 0.0005)
(0.002 -0.001 0.0005)
(-0.002 0.001 0.0005)
(0.002 0.001 0.0005)
(-0.002 -0.001 0.00075)
(0.002 -0.001 0.00075)
(-0.002 0.001 0.00075)
(0.002 0.001 0.00075)
(-0.002 -0.001 0.001)
(0.002 -0.001 0.001)
(-0.002 0.001 0.001)
(0.002 0.001 0.001)
(-0.002 -0.001 0.00125)
(0.002 -0.001 0.00125)
(-0.002 0.001 0.00125)
(0.002 0.001 0.00125)
(-0.002 -0.001 0.0015)
(0.002 -0.001 0.0015)
(-0.002 0.001 0.0015)
(0.002 0.001 0.0015)
(-0.002 -0.001 0.00175)
(0.002 -0.001 0.00175)
(-0.002 0.001 0.00175)
(0.002 0.001 0.00175)
(-0.002 -0.001 0.002)
(0.002 -0.001 0.002)
(-0.002 0.001 0.002)
(0.002 0.001 0.002)
(-0.002 -0.001 0.00225)
(0.002 -0.001 0.00225)
(-0.002 0.001 0.00225)
(0.002 0.001 0.00225)
(-0.002 -0.001 0.0025)
(0.002 -0.001 0.0025)
(-0.002 0.001 0.0025)
(0.002 0.001 0.0025)
(-0.002 -0.001 0.00275)
(0.002 -0.001 0.00275)
(-0.002 0.001 0.00275)
(0.002 0.001 0.00275)
(-0.002 -0.001 0.003)
(0.002 -0.001 0.003)
(-0.002 0.001 0.003)
(0.002 0.001 0.003)
(-0.002 -0.001 0.00325)
(0.002 -0.001 0.00325)
(-0.002 0.001 0.00325)
(0.002 0.001 0.00325)
(-0.002 -0.001 0.0035)
(0.002 -0.001 0.0035)
(-0.002 0.001 0.0035)
(0.002 0.001 0.0035)
(-0.002 -0.001 0.00375)
(0.002 -0.001 0.00375)
(-0.002 0.001 0.00375)
(0.002 0.001 0.00375)
(-0.002 -0.001 0.004)
(0.002 -0.001 0.004)
(-0.002 0.001 0.004)
(0.002 0.001 0.004)
(-0.002 -0.001 0.00425)
(0.002 -0.001 0.00425)
(-0.002 0.001 0.00425)
(0.002 0.001 0.00425)
(-0.002 -0.001 0.0045)
(0.002 -0.001 0.0045)
(-0.002 0.001 0.0045)
(0.002 0.001 0.0045)
(-0.002 -0.001 0.00475)
(0.002 -0.001 0.00475)
(-0.002 0.001 0.00475)
(0.002 0.001 0.00475)
(-0.002 -0.001 0.005)
(0.002 -0.001 0.005)
(-0.002 0.001 0.005)
(0.002 0.001 0.005)
(-0.002 -0.001 0.00525)
(0.002 -0.001 0.00525)
(-0.002 0.001 0.00525)
(0.002 0.001 0.00525)
(-0.002 -0.001 0.0055)
(0.002 -0.001 0.0055)
(-0.002 0.001 0.0055)
(0.002 0.001 0.0055)
(-0.002 -0.001 0.00575)
(0.002 -0.001 0.00575)
(-0.002 0.001 0.00575)
(0.002 0.001 0.00575)
(-0.002 -0.001 0.006)
(0.002 -0.001 0.006)
(-0.002 0.001 0.006)
(0.002 0.001 0.006)
(-0.002 -0.001 0.00625)
(0.002 -0.001 0.00625)
(-0.002 0.001 0.00625)
(0.002 0.001 0.00625)
(-0.002 -0.001 0.0065)
(0.002 -0.001 0.0065)
(-0.002 0.001 0.0065)
(0.002 0.001 0.0065)
(-0.002 -0.001 0.00675)
(0.002 -0.001 0.00675)
(-0.002 0.001 0.00675)
(0.002 0.001 0.00675)
(-0.002 -0.001 0.007)
(0.002 -0.001 0.007)
(-0.002 0.001 0.007)
(0.002 0.001 0.007)
(-0.002 -0.001 0.00725)
(0.002 -0.001 0.00725)
(-0.002 0.001 0.00725)
(0.002 0.001 0.00725)
(-0.002 -0.001 0.0075)
(0.002 -0.001 0.0075)
(-0.002 0.001 0.0075)
(0.002 0.001 0.0075)
(-0.002 -0.001 0.00775)
(0.002 -0.001 0.00775)
(-0.002 0.001 0.00775)
(0.002 0.001 0.00775)
(-0.002 -0.001 0.008)
(0.002 -0.001 0.008)
(-0.002 0.001 0.008)
(0.002 0.001 0.008)
(-0.002 -0.001 0.00825)
(0.002 -0.001 0.00825)
(-0.002 0.001 0.00825)
(0.002 0.001 0.00825)
(-0.002 -0.001 0.0085)
(0.002 -0.001 0.0085)
(-0.002 0.001 0.0085)
(0.002 0.001 0.0085)
(-0.002 -0.001 0.00875)
(0.002 -0.001 0.00875)
(-0.002 0.001 0.00875)
(0.002 0.001 0.00875)
(-0.002 -0.001 0.009)
(0.002 -0.001 0.009)
(-0.002 0.001 0.009)
(0.002 0.001 0.009)
(-0.002 -0.001 0.00925)
(0.002 -0.001 0.00925)
(-0.002 0.001 0.00925)
(0.002 0.001 0.00925)
(-0.002 -0.001 0.0095)
(0.002 -0.001 0.0095)
(-0.002 0.001 0.0095)
(0.002 0.001 0.0095)
(-0.002 -0.001 0.00975)
(0.002 -0.001 0.00975)
(-0.002 0.001 0.00975)
(0.002 0.001 0.00975)
(-0.002 -0.001 0.01)
(0.002 -0.001 0.01)
(-0.002 0.001 0.01)
(0.002 0.001 0.01)
(-0.002 -0.001 0.01025)
(0.002 -0.001 0.01025)
(-0.002 0.001 0.01025)
(0.002 0.001 0.01025)
(-0.002 -0.001 0.0105)
(0.002 -0.001 0.0105)
(-0.002 0.001 0.0105)
(0.002 0.001 0.0105)
(-0.002 -0.001 0.01075)
(0.002 -0.001 0.01075)
(-0.002 0.001 0.01075)
(0.002 0.001 0.01075)
(-0.002 -0.001 0.011)
(0.002 -0.001 0.011)
(-0.002 0.001 0.011)
(0.002 0.001 0.011)
(-0.002 -0.001 0.01125)
(0.002 -0.001 0.01125)
(-0.002 0.001 0.01125)
(0.002 0.001 0.01125)
(-0.002 -0.001 0.0115)
(0.002 -0.001 0.0115)
(-0.002 0.001 0.0115)
(0.002 0.001 0.0115)
(-0.002 -0.001 0.01175)
(0.002 -0.001 0.01175)
(-0.002 0.001 0.01175)
(0.002 0.001 0.01175)
(-0.002 -0.001 0.012)
(0.002 -0.001 0.012)
(-0.002 0.001 0.012)
(0.002 0.001 0.012)
(-0.002 -0.001 0.01225)
(0.002 -0.001 0.01225)
(-0.002 0.001 0.01225)
(0.002 0.001 0.01225)
(-0.002 -0.001 0.0125)
(0.002 -0.001 0.0125)
(-0.002 0.001 0.0125)
(0.002 0.001 0.0125)
(-0.002 -0.001 0.01275)
(0.002 -0.001 0.01275)
(-0.002 0.001 0.01275)
(0.002 0.001 0.01275)
(-0.002 -0.001 0.013)
(0.002 -0.001 0.013)
(-0.002 0.001 0.013)
(0.002 0.001 0.013)
(-0.002 -0.001 0.01325)
(0.002 -0.001 0.01325)
(-0.002 0.001 0.01325)
(0.002 0.001 0.01325)
(-0.002 -0.001 0.0135)
(0.002 -0.001 0.0135)
(-0.002 0.001 0.0135)
(0.002 0.001 0.0135)
(-0.002 -0.001 0.01375)
(0.002 -0.001 0.01375)
(-0.002 0.001 0.01375)
(0.002 0.001 0.01375)
(-0.002 -0.001 0.014)
(0.002 -0.001 0.014)
(-0.002 0.001 0.014)
(0.002 0.001 0.014)
(-0.002 -0.001 0.01425)
(0.002 -0.001 0.01425)
(-0.002 0.001 0.01425)
(0.002 0.001 0.01425)
(-0.002 -0.001 0.0145)
(0.002 -0.001 0.0145)
(-0.002 0.001 0.0145)
(0.002 0.001 0.0145)
(-0.002 -0.001 0.01475)
(0.002 -0.001 0.01475)
(-0.002 0.001 0.01475)
(0.002 0.001 0.01475)
(-0.002 -0.001 0.015)
(0.002 -0.001 0.015)
(-0.002 0.001 0.015)
(0.002 0.001 0.015)
(-0.002 -0.001 0.01525)
(0.002 -0.001 0.01525)
(-0.002 0.001 0.01525)
(0.002 0.001 0.01525)
(-0.002 -0.001 0.0155)
(0.002 -0.001 0.0155)
(-0.002 0.001 0.0155)
(0.002 0.001 0.0155)
(-0.002 -0.001 0.01575)
(0.002 -0.001 0.01575)
(-0.002 0.001 0.01575)
(0.002 0.001 0.01575)
(-0.002 -0.001 0.016)
(0.002 -0.001 0.016)
(-0.002 0.001 0.016)
(0.002 0.001 0.016)
(-0.002 -0.001 0.01625)
(0.002 -0.001 0.01625)
(-0.002 0.001 0.01625)
(0.002 0.001 0.01625)
(-0.002 -0.001 0.0165)
(0.002 -0.001 0.0165)
(-0.002 0.001 0.0165)
(0.002 0.001 0.0165)
(-0.002 -0.001 0.01675)
(0.002 -0.001 0.01675)
(-0.002 0.001 0.01675)
(0.002 0.001 0.01675)
(-0.002 -0.001 0.017)
(0.002 -0.001 0.017)
(-0.002 0.001 0.017)
(0.002 0.001 0.017)
(-0.002 -0.001 0.01725)
(0.002 -0.001 0.01725)
(-0.002 0.001 0.01725)
(0.002 0.001 0.01725)
(-0.002 -0.001 0.0175)
(0.002 -0.001 0.0175)
(-0.002 0.001 0.0175)
(0.002 0.001 0.0175)
(-0.002 -0.001 0.01775)
(0.002 -0.001 0.01775)
(-0.002 0.001 0.01775)
(0.002 0.001 0.01775)
(-0.002 -0.001 0.018)
(0.002 -0.001 0.018)
(-0.002 0.001 0.018)
(0.002 0.001 0.018)
(-0.002 -0.001 0.01825)
(0.002 -0.001 0.01825)
(-0.002 0.001 0.01825)
(0.002 0.001 0.01825)
(-0.002 -0.001 0.0185)
(0.002 -0.001 0.0185)
(-0.002 0.001 0.0185)
(0.002 0.001 0.0185)
(-0.002 -0.001 0.01875)
(0.002 -0.001 0.01875)
(-0.002 0.001 0.01875)
(0.002 0.001 0.01875)
(-0.002 -0.001 0.019)
(0.002 -0.001 0.019)
(-0.002 0.001 0.019)
(0.002 0.001 0.019)
(-0.002 -0.001 0.01925)
(0.002 -0.001 0.01925)
(-0.002 0.001 0.01925)
(0.002 0.001 0.01925)
(-0.002 -0.001 0.0195)
(0.002 -0.001 0.0195)
(-0.002 0.001 0.0195)
(0.002 0.001 0.0195)
(-0.002 -0.001 0.01975)
(0.002 -0.001 0.01975)
(-0.002 0.001 0.01975)
(0.002 0.001 0.01975)
(-0.002 -0.001 0.02)
(0.002 -0.001 0.02)
(-0.002 0.001 0.02)
(0.002 0.001 0.02)
(-0.002 -0.001 0.02025)
(0.002 -0.001 0.02025)
(-0.002 0.001 0.02025)
(0.002 0.001 0.02025)
(-0.002 -0.001 0.0205)
(0.002 -0.001 0.0205)
(-0.002 0.001 0.0205)
(0.002 0.001 0.0205)
(-0.002 -0.001 0.02075)
(0.002 -0.001 0.02075)
(-0.002 0.001 0.02075)
(0.002 0.001 0.02075)
(-0.002 -0.001 0.021)
(0.002 -0.001 0.021)
(-0.002 0.001 0.021)
(0.002 0.001 0.021)
(-0.002 -0.001 0.02125)
(0.002 -0.001 0.02125)
(-0.002 0.001 0.02125)
(0.002 0.001 0.02125)
(-0.002 -0.001 0.0215)
(0.002 -0.001 0.0215)
(-0.002 0.001 0.0215)
(0.002 0.001 0.0215)
(-0.002 -0.001 0.02175)
(0.002 -0.001 0.02175)
(-0.002 0.001 0.02175)
(0.002 0.001 0.02175)
(-0.002 -0.001 0.022)
(0.002 -0.001 0.022)
(-0.002 0.001 0.022)
(0.002 0.001 0.022)
(-0.002 -0.001 0.02225)
(0.002 -0.001 0.02225)
(-0.002 0.001 0.02225)
(0.002 0.001 0.02225)
(-0.002 -0.001 0.0225)
(0.002 -0.001 0.0225)
(-0.002 0.001 0.0225)
(0.002 0.001 0.0225)
(-0.002 -0.001 0.02275)
(0.002 -0.001 0.02275)
(-0.002 0.001 0.02275)
(0.002 0.001 0.02275)
(-0.002 -0.001 0.023)
(0.002 -0.001 0.023)
(-0.002 0.001 0.023)
(0.002 0.001 0.023)
(-0.002 -0.001 0.02325)
(0.002 -0.001 0.02325)
(-0.002 0.001 0.02325)
(0.002 0.001 0.02325)
(-0.002 -0.001 0.0235)
(0.002 -0.001 0.0235)
(-0.002 0.001 0.0235)
(0.002 0.001 0.0235)
(-0.002 -0.001 0.02375)
(0.002 -0.001 0.02375)
(-0.002 0.001 0.02375)
(0.002 0.001 0.02375)
(-0.002 -0.001 0.024)
(0.002 -0.001 0.024)
(-0.002 0.001 0.024)
(0.002 0.001 0.024)
(-0.002 -0.001 0.02425)
(0.002 -0.001 0.02425)
(-0.002 0.001 0.02425)
(0.002 0.001 0.02425)
(-0.002 -0.001 0.0245)
(0.002 -0.001 0.0245)
(-0.002 0.001 0.0245)
(0.002 0.001 0.0245)
(-0.002 -0.001 0.02475)
(0.002 -0.001 0.02475)
(-0.002 0.001 0.02475)
(0.002 0.001 0.02475)
(-0.002 -0.001 0.025)
(0.002 -0.001 0.025)
(-0.002 0.001 0.025)
(0.002 0.001 0.025)
(-0.002 -0.001 0.02525)
(0.002 -0.001 0.02525)
(-0.002 0.001 0.02525)
(0.002 0.001 0.02525)
(-0.002 -0.001 0.0255)
(0.002 -0.001 0.0255)
(-0.002 0.001 0.0255)
(0.002 0.001 0.0255)
(-0.002 -0.001 0.02575)
(0.002 -0.001 0.02575)
(-0.002 0.001 0.02575)
(0.002 0.001 0.02575)
(-0.002 -0.001 0.026)
(0.002 -0.001 0.026)
(-0.002 0.001 0.026)
(0.002 0.001 0.026)
(-0.002 -0.001 0.02625)
(0.002 -0.001 0.02625)
(-0.002 0.001 0.02625)
(0.002 0.001 0.02625)
(-0.002 -0.001 0.0265)
(0.002 -0.001 0.0265)
(-0.002 0.001 0.0265)
(0.002 0.001 0.0265)
(-0.002 -0.001 0.02675)
(0.002 -0.001 0.02675)
(-0.002 0.001 0.02675)
(0.002 0.001 0.02675)
(-0.002 -0.001 0.027)
(0.002 -0.001 0.027)
(-0.002 0.001 0.027)
(0.002 0.001 0.027)
(-0.002 -0.001 0.02725)
(0.002 -0.001 0.02725)
(-0.002 0.001 0.02725)
(0.002 0.001 0.02725)
(-0.002 -0.001 0.0275)
(0.002 -0.001 0.0275)
(-0.002 0.001 0.0275)
(0.002 0.001 0.0275)
(-0.002 -0.001 0.02775)
(0.002 -0.001 0.02775)
(-0.002 0.001 0.02775)
(0.002 0.001 0.02775)
(-0.002 -0.001 0.028)
(0.002 -0.001 0.028)
(-0.002 0.001 0.028)
(0.002 0.001 0.028)
(-0.002 -0.001 0.02825)
(0.002 -0.001 0.02825)
(-0.002 0.001 0.02825)
(0.002 0.001 0.02825)
(-0.002 -0.001 0.0285)
(0.002 -0.001 0.0285)
(-0.002 0.001 0.0285)
(0.002 0.001 0.0285)
(-0.002 -0.001 0.02875)
(0.002 -0.001 0.02875)
(-0.002 0.001 0.02875)
(0.002 0.001 0.02875)
(-0.002 -0.001 0.029)
(0.002 -0.001 0.029)
(-0.002 0.001 0.029)
(0.002 0.001 0.029)
(-0.002 -0.001 0.02925)
(0.002 -0.001 0.02925)
(-0.002 0.001 0.02925)
(0.002 0.001 0.02925)
(-0.002 -0.001 0.0295)
(0.002 -0.001 0.0295)
(-0.002 0.001 0.0295)
(0.002 0.001 0.0295)
(-0.002 -0.001 0.02975)
(0.002 -0.001 0.02975)
(-0.002 0.001 0.02975)
(0.002 0.001 0.02975)
(-0.002 -0.001 0.03)
(0.002 -0.001 0.03)
(-0.002 0.001 0.03)
(0.002 0.001 0.03)
(-0.002 -0.001 0.03025)
(0.002 -0.001 0.03025)
(-0.002 0.001 0.03025)
(0.002 0.001 0.03025)
(-0.002 -0.001 0.0305)
(0.002 -0.001 0.0305)
(-0.002 0.001 0.0305)
(0.002 0.001 0.0305)
(-0.002 -0.001 0.03075)
(0.002 -0.001 0.03075)
(-0.002 0.001 0.03075)
(0.002 0.001 0.03075)
(-0.002 -0.001 0.031)
(0.002 -0.001 0.031)
(-0.002 0.001 0.031)
(0.002 0.001 0.031)
(-0.002 -0.001 0.03125)
(0.002 -0.001 0.03125)
(-0.002 0.001 0.03125)
(0.002 0.001 0.03125)
(-0.002 -0.001 0.0315)
(0.002 -0.001 0.0315)
(-0.002 0.001 0.0315)
(0.002 0.001 0.0315)
(-0.002 -0.001 0.03175)
(0.002 -0.001 0.03175)
(-0.002 0.001 0.03175)
(0.002 0.001 0.03175)
(-0.002 -0.001 0.032)
(0.002 -0.001 0.032)
(-0.002 0.001 0.032)
(0.002 0.001 0.032)
(-0.002 -0.001 0.03225)
(0.002 -0.001 0.03225)
(-0.002 0.001 0.03225)
(0.002 0.001 0.03225)
(-0.002 -0.001 0.0325)
(0.002 -0.001 0.0325)
(-0.002 0.001 0.0325)
(0.002 0.001 0.0325)
(-0.002 -0.001 0.03275)
(0.002 -0.001 0.03275)
(-0.002 0.001 0.03275)
(0.002 0.001 0.03275)
(-0.002 -0.001 0.033)
(0.002 -0.001 0.033)
(-0.002 0.001 0.033)
(0.002 0.001 0.033)
(-0.002 -0.001 0.03325)
(0.002 -0.001 0.03325)
(-0.002 0.001 0.03325)
(0.002 0.001 0.03325)
(-0.002 -0.001 0.0335)
(0.002 -0.001 0.0335)
(-0.002 0.001 0.0335)
(0.002 0.001 0.0335)
(-0.002 -0.001 0.03375)
(0.002 -0.001 0.03375)
(-0.002 0.001 0.03375)
(0.002 0.001 0.03375)
(-0.002 -0.001 0.034)
(0.002 -0.001 0.034)
(-0.002 0.001 0.034)
(0.002 0.001 0.034)
(-0.002 -0.001 0.03425)
(0.002 -0.001 0.03425)
(-0.002 0.001 0.03425)
(0.002 0.001 0.03425)
(-0.002 -0.001 0.0345)
(0.002 -0.001 0.0345)
(-0.002 0.001 0.0345)
(0.002 0.001 0.0345)
(-0.002 -0.001 0.03475)
(0.002 -0.001 0.03475)
(-0.002 0.001 0.03475)
(0.002 0.001 0.03475)
(-0.002 -0.001 0.035)
(0.002 -0.001 0.035)
(-0.002 0.001 0.035)
(0.002 0.001 0.035)
(-0.002 -0.001 0.03525)
(0.002 -0.001 0.03525)
(-0.002 0.001 0.03525)
(0.002 0.001 0.03525)
(-0.002 -0.001 0.0355)
(0.002 -0.001 0.0355)
(-0.002 0.001 0.0355)
(0.002 0.001 0.0355)
(-0.002 -0.001 0.03575)
(0.002 -0.001 0.03575)
(-0.002 0.001 0.03575)
(0.002 0.001 0.03575)
(-0.002 -0.001 0.036)
(0.002 -0.001 0.036)
(-0.002 0.001 0.036)
(0.002 0.001 0.036)
(-0.002 -0.001 0.03625)
(0.002 -0.001 0.03625)
(-0.002 0.001 0.03625)
(0.002 0.001 0.03625)
(-0.002 -0.001 0.0365)
(0.002 -0.001 0.0365)
(-0.002 0.001 0.0365)
(0.002 0.001 0.0365)
(-0.002 -0.001 0.03675)
(0.002 -0.001 0.03675)
(-0.002 0.001 0.03675)
(0.002 0.001 0.03675)
(-0.002 -0.001 0.037)
(0.002 -0.001 0.037)
(-0.002 0.001 0.037)
(0.002 0.001 0.037)
(-0.002 -0.001 0.03725)
(0.002 -0.001 0.03725)
(-0.002 0.001 0.03725)
(0.002 0.001 0.03725)
(-0.002 -0.001 0.0375)
(0.002 -0.001 0.0375)
(-0.002 0.001 0.0375)
(0.002 0.001 0.0375)
(-0.002 -0.001 0.03775)
(0.002 -0.001 0.03775)
(-0.002 0.001 0.03775)
(0.002 0.001 0.03775)
(-0.002 -0.001 0.038)
(0.002 -0.001 0.038)
(-0.002 0.001 0.038)
(0.002 0.001 0.038)
(-0.002 -0.001 0.03825)
(0.002 -0.001 0.03825)
(-0.002 0.001 0.03825)
(0.002 0.001 0.03825)
(-0.002 -0.001 0.0385)
(0.002 -0.001 0.0385)
(-0.002 0.001 0.0385)
(0.002 0.001 0.0385)
(-0.002 -0.001 0.03875)
(0.002 -0.001 0.03875)
(-0.002 0.001 0.03875)
(0.002 0.001 0.03875)
(-0.002 -0.001 0.039)
(0.002 -0.001 0.039)
(-0.002 0.001 0.039)
(0.002 0.001 0.039)
(-0.002 -0.001 0.03925)
(0.002 -0.001 0.03925)
(-0.002 0.001 0.03925)
(0.002 0.001 0.03925)
(-0.002 -0.001 0.0395)
(0.002 -0.001 0.0395)
(-0.002 0.001 0.0395)
(0.002 0.001 0.0395)
(-0.002 -0.001 0.03975)
(0.002 -0.001 0.03975)
(-0.002 0.001 0.03975)
(0.002 0.001 0.03975)
(-0.002 -0.001 0.04)
(0.002 -0.001 0.04)
(-0.002 0.001 0.04)
(0.002 0.001 0.04)
(-0.002 -0.001 0.04025)
(0.002 -0.001 0.04025)
(-0.002 0.001 0.04025)
(0.002 0.001 0.04025)
(-0.002 -0.001 0.0405)
(0.002 -0.001 0.0405)
(-0.002 0.001 0.0405)
(0.002 0.001 0.0405)
(-0.002 -0.001 0.04075)
(0.002 -0.001 0.04075)
(-0.002 0.001 0.04075)
(0.002 0.001 0.04075)
(-0.002 -0.001 0.041)
(0.002 -0.001 0.041)
(-0.002 0.001 0.041)
(0.002 0.001 0.041)
(-0.002 -0.001 0.04125)
(0.002 -0.001 0.04125)
(-0.002 0.001 0.04125)
(0.002 0.001 0.04125)
(-0.002 -0.001 0.0415)
(0.002 -0.001 0.0415)
(-0.002 0.001 0.0415)
(0.002 0.001 0.0415)
(-0.002 -0.001 0.04175)
(0.002 -0.001 0.04175)
(-0.002 0.001 0.04175)
(0.002 0.001 0.04175)
(-0.002 -0.001 0.042)
(0.002 -0.001 0.042)
(-0.002 0.001 0.042)
(0.002 0.001 0.042)
(-0.002 -0.001 0.04225)
(0.002 -0.001 0.04225)
(-0.002 0.001 0.04225)
(0.002 0.001 0.04225)
(-0.002 -0.001 0.0425)
(0.002 -0.001 0.0425)
(-0.002 0.001 0.0425)
(0.002 0.001 0.0425)
(-0.002 -0.001 0.04275)
(0.002 -0.001 0.04275)
(-0.002 0.001 0.04275)
(0.002 0.001 0.04275)
(-0.002 -0.001 0.043)
(0.002 -0.001 0.043)
(-0.002 0.001 0.043)
(0.002 0.001 0.043)
(-0.002 -0.001 0.04325)
(0.002 -0.001 0.04325)
(-0.002 0.001 0.04325)
(0.002 0.001 0.04325)
(-0.002 -0.001 0.0435)
(0.002 -0.001 0.0435)
(-0.002 0.001 0.0435)
(0.002 0.001 0.0435)
(-0.002 -0.001 0.04375)
(0.002 -0.001 0.04375)
(-0.002 0.001 0.04375)
(0.002 0.001 0.04375)
(-0.002 -0.001 0.044)
(0.002 -0.001 0.044)
(-0.002 0.001 0.044)
(0.002 0.001 0.044)
(-0.002 -0.001 0.04425)
(0.002 -0.001 0.04425)
(-0.002 0.001 0.04425)
(0.002 0.001 0.04425)
(-0.002 -0.001 0.0445)
(0.002 -0.001 0.0445)
(-0.002 0.001 0.0445)
(0.002 0.001 0.0445)
(-0.002 -0.001 0.04475)
(0.002 -0.001 0.04475)
(-0.002 0.001 0.04475)
(0.002 0.001 0.04475)
(-0.002 -0.001 0.045)
(0.002 -0.001 0.045)
(-0.002 0.001 0.045)
(0.002 0.001 0.045)
(-0.002 -0.001 0.04525)
(0.002 -0.001 0.04525)
(-0.002 0.001 0.04525)
(0.002 0.001 0.04525)
(-0.002 -0.001 0.0455)
(0.002 -0.001 0.0455)
(-0.002 0.001 0.0455)
(0.002 0.001 0.0455)
(-0.002 -0.001 0.04575)
(0.002 -0.001 0.04575)
(-0.002 0.001 0.04575)
(0.002 0.001 0.04575)
(-0.002 -0.001 0.046)
(0.002 -0.001 0.046)
(-0.002 0.001 0.046)
(0.002 0.001 0.046)
(-0.002 -0.001 0.04625)
(0.002 -0.001 0.04625)
(-0.002 0.001 0.04625)
(0.002 0.001 0.04625)
(-0.002 -0.001 0.0465)
(0.002 -0.001 0.0465)
(-0.002 0.001 0.0465)
(0.002 0.001 0.0465)
(-0.002 -0.001 0.04675)
(0.002 -0.001 0.04675)
(-0.002 0.001 0.04675)
(0.002 0.001 0.04675)
(-0.002 -0.001 0.047)
(0.002 -0.001 0.047)
(-0.002 0.001 0.047)
(0.002 0.001 0.047)
(-0.002 -0.001 0.04725)
(0.002 -0.001 0.04725)
(-0.002 0.001 0.04725)
(0.002 0.001 0.04725)
(-0.002 -0.001 0.0475)
(0.002 -0.001 0.0475)
(-0.002 0.001 0.0475)
(0.002 0.001 0.0475)
(-0.002 -0.001 0.04775)
(0.002 -0.001 0.04775)
(-0.002 0.001 0.04775)
(0.002 0.001 0.04775)
(-0.002 -0.001 0.048)
(0.002 -0.001 0.048)
(-0.002 0.001 0.048)
(0.002 0.001 0.048)
(-0.002 -0.001 0.04825)
(0.002 -0.001 0.04825)
(-0.002 0.001 0.04825)
(0.002 0.001 0.04825)
(-0.002 -0.001 0.0485)
(0.002 -0.001 0.0485)
(-0.002 0.001 0.0485)
(0.002 0.001 0.0485)
(-0.002 -0.001 0.04875)
(0.002 -0.001 0.04875)
(-0.002 0.001 0.04875)
(0.002 0.001 0.04875)
(-0.002 -0.001 0.049)
(0.002 -0.001 0.049)
(-0.002 0.001 0.049)
(0.002 0.001 0.049)
(-0.002 -0.001 0.04925)
(0.002 -0.001 0.04925)
(-0.002 0.001 0.04925)
(0.002 0.001 0.04925)
(-0.002 -0.001 0.0495)
(0.002 -0.001 0.0495)
(-0.002 0.001 0.0495)
(0.002 0.001 0.0495)
(-0.002 -0.001 0.04975)
(0.002 -0.001 0.04975)
(-0.002 0.001 0.04975)
(0.002 0.001 0.04975)
(-0.002 -0.001 0.05)
(0.002 -0.001 0.05)
(-0.002 0.001 0.05)
(0.002 0.001 0.05)
(-0.002 -0.001 0.05024957216)
(0.002 -0.001 0.05024957216)
(-0.002 0.001 0.05024957216)
(0.002 0.001 0.05024957216)
(-0.002 -0.001 0.05050103175)
(0.002 -0.001 0.05050103175)
(-0.002 0.001 0.05050103175)
(0.002 0.001 0.05050103175)
(-0.002 -0.001 0.05075439305)
(0.002 -0.001 0.05075439305)
(-0.002 0.001 0.05075439305)
(0.002 0.001 0.05075439305)
(-0.002 -0.001 0.05100967043)
(0.002 -0.001 0.05100967043)
(-0.002 0.001 0.05100967043)
(0.002 0.001 0.05100967043)
(-0.002 -0.001 0.05126687839)
(0.002 -0.001 0.05126687839)
(-0.002 0.001 0.05126687839)
(0.002 0.001 0.05126687839)
(-0.002 -0.001 0.05152603152)
(0.002 -0.001 0.05152603152)
(-0.002 0.001 0.05152603152)
(0.002 0.001 0.05152603152)
(-0.002 -0.001 0.05178714455)
(0.002 -0.001 0.05178714455)
(-0.002 0.001 0.05178714455)
(0.002 0.001 0.05178714455)
(-0.002 -0.001 0.05205023228)
(0.002 -0.001 0.05205023228)
(-0.002 0.001 0.05205023228)
(0.002 0.001 0.05205023228)
(-0.002 -0.001 0.05231530965)
(0.002 -0.001 0.05231530965)
(-0.002 0.001 0.05231530965)
(0.002 0.001 0.05231530965)
(-0.002 -0.001 0.05258239172)
(0.002 -0.001 0.05258239172)
(-0.002 0.001 0.05258239172)
(0.002 0.001 0.05258239172)
(-0.002 -0.001 0.05285149364)
(0.002 -0.001 0.05285149364)
(-0.002 0.001 0.05285149364)
(0.002 0.001 0.05285149364)
(-0.002 -0.001 0.05312263068)
(0.002 -0.001 0.05312263068)
(-0.002 0.001 0.05312263068)
(0.002 0.001 0.05312263068)
(-0.002 -0.001 0.05339581824)
(0.002 -0.001 0.05339581824)
(-0.002 0.001 0.05339581824)
(0.002 0.001 0.05339581824)
(-0.002 -0.001 0.05367107183)
(0.002 -0.001 0.05367107183)
(-0.002 0.001 0.05367107183)
(0.002 0.001 0.05367107183)
(-0.002 -0.001 0.05394840707)
(0.002 -0.001 0.05394840707)
(-0.002 0.001 0.05394840707)
(0.002 0.001 0.05394840707)
(-0.002 -0.001 0.0542278397)
(0.002 -0.001 0.0542278397)
(-0.002 0.001 0.0542278397)
(0.002 0.001 0.0542278397)
(-0.002 -0.001 0.05450938558)
(0.002 -0.001 0.05450938558)
(-0.002 0.001 0.05450938558)
(0.002 0.001 0.05450938558)
(-0.002 -0.001 0.0547930607)
(0.002 -0.001 0.0547930607)
(-0.002 0.001 0.0547930607)
(0.002 0.001 0.0547930607)
(-0.002 -0.001 0.05507888116)
(0.002 -0.001 0.05507888116)
(-0.002 0.001 0.05507888116)
(0.002 0.001 0.05507888116)
(-0.002 -0.001 0.05536686319)
(0.002 -0.001 0.05536686319)
(-0.002 0.001 0.05536686319)
(0.002 0.001 0.05536686319)
(-0.002 -0.001 0.05565702312)
(0.002 -0.001 0.05565702312)
(-0.002 0.001 0.05565702312)
(0.002 0.001 0.05565702312)
(-0.002 -0.001 0.05594937744)
(0.002 -0.001 0.05594937744)
(-0.002 0.001 0.05594937744)
(0.002 0.001 0.05594937744)
(-0.002 -0.001 0.05624394273)
(0.002 -0.001 0.05624394273)
(-0.002 0.001 0.05624394273)
(0.002 0.001 0.05624394273)
(-0.002 -0.001 0.05654073572)
(0.002 -0.001 0.05654073572)
(-0.002 0.001 0.05654073572)
(0.002 0.001 0.05654073572)
(-0.002 -0.001 0.05683977325)
(0.002 -0.001 0.05683977325)
(-0.002 0.001 0.05683977325)
(0.002 0.001 0.05683977325)
(-0.002 -0.001 0.05714107231)
(0.002 -0.001 0.05714107231)
(-0.002 0.001 0.05714107231)
(0.002 0.001 0.05714107231)
(-0.002 -0.001 0.05744464999)
(0.002 -0.001 0.05744464999)
(-0.002 0.001 0.05744464999)
(0.002 0.001 0.05744464999)
(-0.002 -0.001 0.05775052352)
(0.002 -0.001 0.05775052352)
(-0.002 0.001 0.05775052352)
(0.002 0.001 0.05775052352)
(-0.002 -0.001 0.05805871027)
(0.002 -0.001 0.05805871027)
(-0.002 0.001 0.05805871027)
(0.002 0.001 0.05805871027)
(-0.002 -0.001 0.05836922774)
(0.002 -0.001 0.05836922774)
(-0.002 0.001 0.05836922774)
(0.002 0.001 0.05836922774)
(-0.002 -0.001 0.05868209354)
(0.002 -0.001 0.05868209354)
(-0.002 0.001 0.05868209354)
(0.002 0.001 0.05868209354)
(-0.002 -0.001 0.05899732544)
(0.002 -0.001 0.05899732544)
(-0.002 0.001 0.05899732544)
(0.002 0.001 0.05899732544)
(-0.002 -0.001 0.05931494133)
(0.002 -0.001 0.05931494133)
(-0.002 0.001 0.05931494133)
(0.002 0.001 0.05931494133)
(-0.002 -0.001 0.05963495925)
(0.002 -0.001 0.05963495925)
(-0.002 0.001 0.05963495925)
(0.002 0.001 0.05963495925)
(-0.002 -0.001 0.05995739735)
(0.002 -0.001 0.05995739735)
(-0.002 0.001 0.05995739735)
(0.002 0.001 0.05995739735)
(-0.002 -0.001 0.06028227394)
(0.002 -0.001 0.06028227394)
(-0.002 0.001 0.06028227394)
(0.002 0.001 0.06028227394)
(-0.002 -0.001 0.06060960747)
(0.002 -0.001 0.06060960747)
(-0.002 0.001 0.06060960747)
(0.002 0.001 0.06060960747)
(-0.002 -0.001 0.06093941651)
(0.002 -0.001 0.06093941651)
(-0.002 0.001 0.06093941651)
(0.002 0.001 0.06093941651)
(-0.002 -0.001 0.06127171978)
(0.002 -0.001 0.06127171978)
(-0.002 0.001 0.06127171978)
(0.002 0.001 0.06127171978)
(-0.002 -0.001 0.06160653615)
(0.002 -0.001 0.06160653615)
(-0.002 0.001 0.06160653615)
(0.002 0.001 0.06160653615)
(-0.002 -0.001 0.06194388462)
(0.002 -0.001 0.06194388462)
(-0.002 0.001 0.06194388462)
(0.002 0.001 0.06194388462)
(-0.002 -0.001 0.06228378434)
(0.002 -0.001 0.06228378434)
(-0.002 0.001 0.06228378434)
(0.002 0.001 0.06228378434)
(-0.002 -0.001 0.06262625461)
(0.002 -0.001 0.06262625461)
(-0.002 0.001 0.06262625461)
(0.002 0.001 0.06262625461)
(-0.002 -0.001 0.06297131487)
(0.002 -0.001 0.06297131487)
(-0.002 0.001 0.06297131487)
(0.002 0.001 0.06297131487)
(-0.002 -0.001 0.06331898471)
(0.002 -0.001 0.06331898471)
(-0.002 0.001 0.06331898471)
(0.002 0.001 0.06331898471)
(-0.002 -0.001 0.06366928385)
(0.002 -0.001 0.06366928385)
(-0.002 0.001 0.06366928385)
(0.002 0.001 0.06366928385)
(-0.002 -0.001 0.06402223218)
(0.002 -0.001 0.06402223218)
(-0.002 0.001 0.06402223218)
(0.002 0.001 0.06402223218)
(-0.002 -0.001 0.06437784975)
(0.002 -0.001 0.06437784975)
(-0.002 0.001 0.06437784975)
(0.002 0.001 0.06437784975)
(-0.002 -0.001 0.06473615673)
(0.002 -0.001 0.06473615673)
(-0.002 0.001 0.06473615673)
(0.002 0.001 0.06473615673)
(-0.002 -0.001 0.06509717346)
(0.002 -0.001 0.06509717346)
(-0.002 0.001 0.06509717346)
(0.002 0.001 0.06509717346)
(-0.002 -0.001 0.06546092045)
(0.002 -0.001 0.06546092045)
(-0.002 0.001 0.06546092045)
(0.002 0.001 0.06546092045)
(-0.002 -0.001 0.06582741832)
(0.002 -0.001 0.06582741832)
(-0.002 0.001 0.06582741832)
(0.002 0.001 0.06582741832)
(-0.002 -0.001 0.0661966879)
(0.002 -0.001 0.0661966879)
(-0.002 0.001 0.0661966879)
(0.002 0.001 0.0661966879)
(-0.002 -0.001 0.06656875014)
(0.002 -0.001 0.06656875014)
(-0.002 0.001 0.06656875014)
(0.002 0.001 0.06656875014)
(-0.002 -0.001 0.06694362616)
(0.002 -0.001 0.06694362616)
(-0.002 0.001 0.06694362616)
(0.002 0.001 0.06694362616)
(-0.002 -0.001 0.06732133724)
(0.002 -0.001 0.06732133724)
(-0.002 0.001 0.06732133724)
(0.002 0.001 0.06732133724)
(-0.002 -0.001 0.06770190482)
(0.002 -0.001 0.06770190482)
(-0.002 0.001 0.06770190482)
(0.002 0.001 0.06770190482)
(-0.002 -0.001 0.06808535051)
(0.002 -0.001 0.06808535051)
(-0.002 0.001 0.06808535051)
(0.002 0.001 0.06808535051)
(-0.002 -0.001 0.06847169606)
(0.002 -0.001 0.06847169606)
(-0.002 0.001 0.06847169606)
(0.002 0.001 0.06847169606)
(-0.002 -0.001 0.06886096342)
(0.002 -0.001 0.06886096342)
(-0.002 0.001 0.06886096342)
(0.002 0.001 0.06886096342)
(-0.002 -0.001 0.06925317467)
(0.002 -0.001 0.06925317467)
(-0.002 0.001 0.06925317467)
(0.002 0.001 0.06925317467)
(-0.002 -0.001 0.06964835209)
(0.002 -0.001 0.06964835209)
(-0.002 0.001 0.06964835209)
(0.002 0.001 0.06964835209)
(-0.002 -0.001 0.07004651809)
(0.002 -0.001 0.07004651809)
(-0.002 0.001 0.07004651809)
(0.002 0.001 0.07004651809)
(-0.002 -0.001 0.0704476953)
(0.002 -0.001 0.0704476953)
(-0.002 0.001 0.0704476953)
(0.002 0.001 0.0704476953)
(-0.002 -0.001 0.07085190647)
(0.002 -0.001 0.07085190647)
(-0.002 0.001 0.07085190647)
(0.002 0.001 0.07085190647)
(-0.002 -0.001 0.07125917455)
(0.002 -0.001 0.07125917455)
(-0.002 0.001 0.07125917455)
(0.002 0.001 0.07125917455)
(-0.002 -0.001 0.07166952267)
(0.002 -0.001 0.07166952267)
(-0.002 0.001 0.07166952267)
(0.002 0.001 0.07166952267)
(-0.002 -0.001 0.0720829741)
(0.002 -0.001 0.0720829741)
(-0.002 0.001 0.0720829741)
(0.002 0.001 0.0720829741)
(-0.002 -0.001 0.07249955234)
(0.002 -0.001 0.07249955234)
(-0.002 0.001 0.07249955234)
(0.002 0.001 0.07249955234)
(-0.002 -0.001 0.07291928101)
(0.002 -0.001 0.07291928101)
(-0.002 0.001 0.07291928101)
(0.002 0.001 0.07291928101)
(-0.002 -0.001 0.07334218395)
(0.002 -0.001 0.07334218395)
(-0.002 0.001 0.07334218395)
(0.002 0.001 0.07334218395)
(-0.002 -0.001 0.07376828516)
(0.002 -0.001 0.07376828516)
(-0.002 0.001 0.07376828516)
(0.002 0.001 0.07376828516)
(-0.002 -0.001 0.07419760883)
(0.002 -0.001 0.07419760883)
(-0.002 0.001 0.07419760883)
(0.002 0.001 0.07419760883)
(-0.002 -0.001 0.07463017933)
(0.002 -0.001 0.07463017933)
(-0.002 0.001 0.07463017933)
(0.002 0.001 0.07463017933)
(-0.002 -0.001 0.07506602121)
(0.002 -0.001 0.07506602121)
(-0.002 0.001 0.07506602121)
(0.002 0.001 0.07506602121)
(-0.002 -0.001 0.07550515922)
(0.002 -0.001 0.07550515922)
(-0.002 0.001 0.07550515922)
(0.002 0.001 0.07550515922)
(-0.002 -0.001 0.07594761828)
(0.002 -0.001 0.07594761828)
(-0.002 0.001 0.07594761828)
(0.002 0.001 0.07594761828)
(-0.002 -0.001 0.07639342351)
(0.002 -0.001 0.07639342351)
(-0.002 0.001 0.07639342351)
(0.002 0.001 0.07639342351)
(-0.002 -0.001 0.07684260021)
(0.002 -0.001 0.07684260021)
(-0.002 0.001 0.07684260021)
(0.002 0.001 0.07684260021)
(-0.002 -0.001 0.07729517389)
(0.002 -0.001 0.07729517389)
(-0.002 0.001 0.07729517389)
(0.002 0.001 0.07729517389)
(-0.002 -0.001 0.07775117023)
(0.002 -0.001 0.07775117023)
(-0.002 0.001 0.07775117023)
(0.002 0.001 0.07775117023)
(-0.002 -0.001 0.07821061511)
(0.002 -0.001 0.07821061511)
(-0.002 0.001 0.07821061511)
(0.002 0.001 0.07821061511)
(-0.002 -0.001 0.07867353462)
(0.002 -0.001 0.07867353462)
(-0.002 0.001 0.07867353462)
(0.002 0.001 0.07867353462)
(-0.002 -0.001 0.07913995503)
(0.002 -0.001 0.07913995503)
(-0.002 0.001 0.07913995503)
(0.002 0.001 0.07913995503)
(-0.002 -0.001 0.07960990283)
(0.002 -0.001 0.07960990283)
(-0.002 0.001 0.07960990283)
(0.002 0.001 0.07960990283)
(-0.002 -0.001 0.08008340468)
(0.002 -0.001 0.08008340468)
(-0.002 0.001 0.08008340468)
(0.002 0.001 0.08008340468)
(-0.002 -0.001 0.08056048746)
(0.002 -0.001 0.08056048746)
(-0.002 0.001 0.08056048746)
(0.002 0.001 0.08056048746)
(-0.002 -0.001 0.08104117826)
(0.002 -0.001 0.08104117826)
(-0.002 0.001 0.08104117826)
(0.002 0.001 0.08104117826)
(-0.002 -0.001 0.08152550436)
(0.002 -0.001 0.08152550436)
(-0.002 0.001 0.08152550436)
(0.002 0.001 0.08152550436)
(-0.002 -0.001 0.08201349326)
(0.002 -0.001 0.08201349326)
(-0.002 0.001 0.08201349326)
(0.002 0.001 0.08201349326)
(-0.002 -0.001 0.08250517265)
(0.002 -0.001 0.08250517265)
(-0.002 0.001 0.08250517265)
(0.002 0.001 0.08250517265)
(-0.002 -0.001 0.08300057045)
(0.002 -0.001 0.08300057045)
(-0.002 0.001 0.08300057045)
(0.002 0.001 0.08300057045)
(-0.002 -0.001 0.08349971477)
(0.002 -0.001 0.08349971477)
(-0.002 0.001 0.08349971477)
(0.002 0.001 0.08349971477)
(-0.002 -0.001 0.08400263396)
(0.002 -0.001 0.08400263396)
(-0.002 0.001 0.08400263396)
(0.002 0.001 0.08400263396)
(-0.002 -0.001 0.08450935655)
(0.002 -0.001 0.08450935655)
(-0.002 0.001 0.08450935655)
(0.002 0.001 0.08450935655)
(-0.002 -0.001 0.08501991131)
(0.002 -0.001 0.08501991131)
(-0.002 0.001 0.08501991131)
(0.002 0.001 0.08501991131)
(-0.002 -0.001 0.08553432723)
(0.002 -0.001 0.08553432723)
(-0.002 0.001 0.08553432723)
(0.002 0.001 0.08553432723)
(-0.002 -0.001 0.0860526335)
(0.002 -0.001 0.0860526335)
(-0.002 0.001 0.0860526335)
(0.002 0.001 0.0860526335)
(-0.002 -0.001 0.08657485954)
(0.002 -0.001 0.08657485954)
(-0.002 0.001 0.08657485954)
(0.002 0.001 0.08657485954)
(-0.002 -0.001 0.08710103501)
(0.002 -0.001 0.08710103501)
(-0.002 0.001 0.08710103501)
(0.002 0.001 0.08710103501)
(-0.002 -0.001 0.08763118976)
(0.002 -0.001 0.08763118976)
(-0.002 0.001 0.08763118976)
(0.002 0.001 0.08763118976)
(-0.002 -0.001 0.08816535389)
(0.002 -0.001 0.08816535389)
(-0.002 0.001 0.08816535389)
(0.002 0.001 0.08816535389)
(-0.002 -0.001 0.08870355772)
(0.002 -0.001 0.08870355772)
(-0.002 0.001 0.08870355772)
(0.002 0.001 0.08870355772)
(-0.002 -0.001 0.08924583181)
(0.002 -0.001 0.08924583181)
(-0.002 0.001 0.08924583181)
(0.002 0.001 0.08924583181)
(-0.002 -0.001 0.08979220694)
(0.002 -0.001 0.08979220694)
(-0.002 0.001 0.08979220694)
(0.002 0.001 0.08979220694)
(-0.002 -0.001 0.09034271411)
(0.002 -0.001 0.09034271411)
(-0.002 0.001 0.09034271411)
(0.002 0.001 0.09034271411)
(-0.002 -0.001 0.09089738459)
(0.002 -0.001 0.09089738459)
(-0.002 0.001 0.09089738459)
(0.002 0.001 0.09089738459)
(-0.002 -0.001 0.09145624985)
(0.002 -0.001 0.09145624985)
(-0.002 0.001 0.09145624985)
(0.002 0.001 0.09145624985)
(-0.002 -0.001 0.09201934161)
(0.002 -0.001 0.09201934161)
(-0.002 0.001 0.09201934161)
(0.002 0.001 0.09201934161)
(-0.002 -0.001 0.09258669186)
(0.002 -0.001 0.09258669186)
(-0.002 0.001 0.09258669186)
(0.002 0.001 0.09258669186)
(-0.002 -0.001 0.09315833278)
(0.002 -0.001 0.09315833278)
(-0.002 0.001 0.09315833278)
(0.002 0.001 0.09315833278)
(-0.002 -0.001 0.09373429682)
(0.002 -0.001 0.09373429682)
(-0.002 0.001 0.09373429682)
(0.002 0.001 0.09373429682)
(-0.002 -0.001 0.09431461669)
(0.002 -0.001 0.09431461669)
(-0.002 0.001 0.09431461669)
(0.002 0.001 0.09431461669)
(-0.002 -0.001 0.09489932532)
(0.002 -0.001 0.09489932532)
(-0.002 0.001 0.09489932532)
(0.002 0.001 0.09489932532)
(-0.002 -0.001 0.09548845591)
(0.002 -0.001 0.09548845591)
(-0.002 0.001 0.09548845591)
(0.002 0.001 0.09548845591)
(-0.002 -0.001 0.09608204189)
(0.002 -0.001 0.09608204189)
(-0.002 0.001 0.09608204189)
(0.002 0.001 0.09608204189)
(-0.002 -0.001 0.09668011696)
(0.002 -0.001 0.09668011696)
(-0.002 0.001 0.09668011696)
(0.002 0.001 0.09668011696)
(-0.002 -0.001 0.09728271507)
(0.002 -0.001 0.09728271507)
(-0.002 0.001 0.09728271507)
(0.002 0.001 0.09728271507)
(-0.002 -0.001 0.09788987043)
(0.002 -0.001 0.09788987043)
(-0.002 0.001 0.09788987043)
(0.002 0.001 0.09788987043)
(-0.002 -0.001 0.09850161749)
(0.002 -0.001 0.09850161749)
(-0.002 0.001 0.09850161749)
(0.002 0.001 0.09850161749)
(-0.002 -0.001 0.099117991)
(0.002 -0.001 0.099117991)
(-0.002 0.001 0.099117991)
(0.002 0.001 0.099117991)
(-0.002 -0.001 0.09973902593)
(0.002 -0.001 0.09973902593)
(-0.002 0.001 0.09973902593)
(0.002 0.001 0.09973902593)
(-0.002 -0.001 0.1003647575)
(0.002 -0.001 0.1003647575)
(-0.002 0.001 0.1003647575)
(0.002 0.001 0.1003647575)
(-0.002 -0.001 0.1009952213)
(0.002 -0.001 0.1009952213)
(-0.002 0.001 0.1009952213)
(0.002 0.001 0.1009952213)
(-0.002 -0.001 0.1016304531)
(0.002 -0.001 0.1016304531)
(-0.002 0.001 0.1016304531)
(0.002 0.001 0.1016304531)
(-0.002 -0.001 0.1022704889)
(0.002 -0.001 0.1022704889)
(-0.002 0.001 0.1022704889)
(0.002 0.001 0.1022704889)
(-0.002 -0.001 0.1029153652)
(0.002 -0.001 0.1029153652)
(-0.002 0.001 0.1029153652)
(0.002 0.001 0.1029153652)
(-0.002 -0.001 0.1035651183)
(0.002 -0.001 0.1035651183)
(-0.002 0.001 0.1035651183)
(0.002 0.001 0.1035651183)
(-0.002 -0.001 0.1042197854)
(0.002 -0.001 0.1042197854)
(-0.002 0.001 0.1042197854)
(0.002 0.001 0.1042197854)
(-0.002 -0.001 0.1048794035)
(0.002 -0.001 0.1048794035)
(-0.002 0.001 0.1048794035)
(0.002 0.001 0.1048794035)
(-0.002 -0.001 0.10554401)
(0.002 -0.001 0.10554401)
(-0.002 0.001 0.10554401)
(0.002 0.001 0.10554401)
(-0.002 -0.001 0.1062136427)
(0.002 -0.001 0.1062136427)
(-0.002 0.001 0.1062136427)
(0.002 0.001 0.1062136427)
(-0.002 -0.001 0.1068883397)
(0.002 -0.001 0.1068883397)
(-0.002 0.001 0.1068883397)
(0.002 0.001 0.1068883397)
(-0.002 -0.001 0.1075681391)
(0.002 -0.001 0.1075681391)
(-0.002 0.001 0.1075681391)
(0.002 0.001 0.1075681391)
(-0.002 -0.001 0.1082530797)
(0.002 -0.001 0.1082530797)
(-0.002 0.001 0.1082530797)
(0.002 0.001 0.1082530797)
(-0.002 -0.001 0.1089432002)
(0.002 -0.001 0.1089432002)
(-0.002 0.001 0.1089432002)
(0.002 0.001 0.1089432002)
(-0.002 -0.001 0.1096385399)
(0.002 -0.001 0.1096385399)
(-0.002 0.001 0.1096385399)
(0.002 0.001 0.1096385399)
(-0.002 -0.001 0.1103391381)
(0.002 -0.001 0.1103391381)
(-0.002 0.001 0.1103391381)
(0.002 0.001 0.1103391381)
(-0.002 -0.001 0.1110450348)
(0.002 -0.001 0.1110450348)
(-0.002 0.001 0.1110450348)
(0.002 0.001 0.1110450348)
(-0.002 -0.001 0.1117562699)
(0.002 -0.001 0.1117562699)
(-0.002 0.001 0.1117562699)
(0.002 0.001 0.1117562699)
(-0.002 -0.001 0.1124728839)
(0.002 -0.001 0.1124728839)
(-0.002 0.001 0.1124728839)
(0.002 0.001 0.1124728839)
(-0.002 -0.001 0.1131949174)
(0.002 -0.001 0.1131949174)
(-0.002 0.001 0.1131949174)
(0.002 0.001 0.1131949174)
(-0.002 -0.001 0.1139224113)
(0.002 -0.001 0.1139224113)
(-0.002 0.001 0.1139224113)
(0.002 0.001 0.1139224113)
(-0.002 -0.001 0.1146554071)
(0.002 -0.001 0.1146554071)
(-0.002 0.001 0.1146554071)
(0.002 0.001 0.1146554071)
(-0.002 -0.001 0.1153939463)
(0.002 -0.001 0.1153939463)
(-0.002 0.001 0.1153939463)
(0.002 0.001 0.1153939463)
(-0.002 -0.001 0.1161380707)
(0.002 -0.001 0.1161380707)
(-0.002 0.001 0.1161380707)
(0.002 0.001 0.1161380707)
(-0.002 -0.001 0.1168878228)
(0.002 -0.001 0.1168878228)
(-0.002 0.001 0.1168878228)
(0.002 0.001 0.1168878228)
(-0.002 -0.001 0.1176432449)
(0.002 -0.001 0.1176432449)
(-0.002 0.001 0.1176432449)
(0.002 0.001 0.1176432449)
(-0.002 -0.001 0.1184043801)
(0.002 -0.001 0.1184043801)
(-0.002 0.001 0.1184043801)
(0.002 0.001 0.1184043801)
(-0.002 -0.001 0.1191712715)
(0.002 -0.001 0.1191712715)
(-0.002 0.001 0.1191712715)
(0.002 0.001 0.1191712715)
(-0.002 -0.001 0.1199439626)
(0.002 -0.001 0.1199439626)
(-0.002 0.001 0.1199439626)
(0.002 0.001 0.1199439626)
(-0.002 -0.001 0.1207224973)
(0.002 -0.001 0.1207224973)
(-0.002 0.001 0.1207224973)
(0.002 0.001 0.1207224973)
(-0.002 -0.001 0.1215069198)
(0.002 -0.001 0.1215069198)
(-0.002 0.001 0.1215069198)
(0.002 0.001 0.1215069198)
(-0.002 -0.001 0.1222972746)
(0.002 -0.001 0.1222972746)
(-0.002 0.001 0.1222972746)
(0.002 0.001 0.1222972746)
(-0.002 -0.001 0.1230936066)
(0.002 -0.001 0.1230936066)
(-0.002 0.001 0.1230936066)
(0.002 0.001 0.1230936066)
(-0.002 -0.001 0.123895961)
(0.002 -0.001 0.123895961)
(-0.002 0.001 0.123895961)
(0.002 0.001 0.123895961)
(-0.002 -0.001 0.1247043834)
(0.002 -0.001 0.1247043834)
(-0.002 0.001 0.1247043834)
(0.002 0.001 0.1247043834)
(-0.002 -0.001 0.1255189196)
(0.002 -0.001 0.1255189196)
(-0.002 0.001 0.1255189196)
(0.002 0.001 0.1255189196)
(-0.002 -0.001 0.1263396158)
(0.002 -0.001 0.1263396158)
(-0.002 0.001 0.1263396158)
(0.002 0.001 0.1263396158)
(-0.002 -0.001 0.1271665187)
(0.002 -0.001 0.1271665187)
(-0.002 0.001 0.1271665187)
(0.002 0.001 0.1271665187)
(-0.002 -0.001 0.1279996751)
(0.002 -0.001 0.1279996751)
(-0.002 0.001 0.1279996751)
(0.002 0.001 0.1279996751)
(-0.002 -0.001 0.1288391325)
(0.002 -0.001 0.1288391325)
(-0.002 0.001 0.1288391325)
(0.002 0.001 0.1288391325)
(-0.002 -0.001 0.1296849383)
(0.002 -0.001 0.1296849383)
(-0.002 0.001 0.1296849383)
(0.002 0.001 0.1296849383)
(-0.002 -0.001 0.1305371408)
(0.002 -0.001 0.1305371408)
(-0.002 0.001 0.1305371408)
(0.002 0.001 0.1305371408)
(-0.002 -0.001 0.1313957881)
(0.002 -0.001 0.1313957881)
(-0.002 0.001 0.1313957881)
(0.002 0.001 0.1313957881)
(-0.002 -0.001 0.1322609291)
(0.002 -0.001 0.1322609291)
(-0.002 0.001 0.1322609291)
(0.002 0.001 0.1322609291)
(-0.002 -0.001 0.1331326129)
(0.002 -0.001 0.1331326129)
(-0.002 0.001 0.1331326129)
(0.002 0.001 0.1331326129)
(-0.002 -0.001 0.1340108889)
(0.002 -0.001 0.1340108889)
(-0.002 0.001 0.1340108889)
(0.002 0.001 0.1340108889)
(-0.002 -0.001 0.134895807)
(0.002 -0.001 0.134895807)
(-0.002 0.001 0.134895807)
(0.002 0.001 0.134895807)
(-0.002 -0.001 0.1357874175)
(0.002 -0.001 0.1357874175)
(-0.002 0.001 0.1357874175)
(0.002 0.001 0.1357874175)
(-0.002 -0.001 0.1366857709)
(0.002 -0.001 0.1366857709)
(-0.002 0.001 0.1366857709)
(0.002 0.001 0.1366857709)
(-0.002 -0.001 0.1375909182)
(0.002 -0.001 0.1375909182)
(-0.002 0.001 0.1375909182)
(0.002 0.001 0.1375909182)
(-0.002 -0.001 0.1385029109)
(0.002 -0.001 0.1385029109)
(-0.002 0.001 0.1385029109)
(0.002 0.001 0.1385029109)
(-0.002 -0.001 0.1394218007)
(0.002 -0.001 0.1394218007)
(-0.002 0.001 0.1394218007)
(0.002 0.001 0.1394218007)
(-0.002 -0.001 0.1403476397)
(0.002 -0.001 0.1403476397)
(-0.002 0.001 0.1403476397)
(0.002 0.001 0.1403476397)
(-0.002 -0.001 0.1412804805)
(0.002 -0.001 0.1412804805)
(-0.002 0.001 0.1412804805)
(0.002 0.001 0.1412804805)
(-0.002 -0.001 0.1422203761)
(0.002 -0.001 0.1422203761)
(-0.002 0.001 0.1422203761)
(0.002 0.001 0.1422203761)
(-0.002 -0.001 0.1431673798)
(0.002 -0.001 0.1431673798)
(-0.002 0.001 0.1431673798)
(0.002 0.001 0.1431673798)
(-0.002 -0.001 0.1441215454)
(0.002 -0.001 0.1441215454)
(-0.002 0.001 0.1441215454)
(0.002 0.001 0.1441215454)
(-0.002 -0.001 0.145082927)
(0.002 -0.001 0.145082927)
(-0.002 0.001 0.145082927)
(0.002 0.001 0.145082927)
(-0.002 -0.001 0.1460515792)
(0.002 -0.001 0.1460515792)
(-0.002 0.001 0.1460515792)
(0.002 0.001 0.1460515792)
(-0.002 -0.001 0.147027557)
(0.002 -0.001 0.147027557)
(-0.002 0.001 0.147027557)
(0.002 0.001 0.147027557)
(-0.002 -0.001 0.1480109158)
(0.002 -0.001 0.1480109158)
(-0.002 0.001 0.1480109158)
(0.002 0.001 0.1480109158)
(-0.002 -0.001 0.1490017114)
(0.002 -0.001 0.1490017114)
(-0.002 0.001 0.1490017114)
(0.002 0.001 0.1490017114)
(-0.002 -0.001 0.15)
(0.002 -0.001 0.15)
(-0.002 0.001 0.15)
(0.002 0.001 0.15)
(-0.002 -0.001 0.151)
(0.002 -0.001 0.151)
(-0.002 0.001 0.151)
(0.002 0.001 0.151)
(-0.002 -0.001 0.152)
(0.002 -0.001 0.152)
(-0.002 0.001 0.152)
(0.002 0.001 0.152)
(-0.002 -0.001 0.153)
(0.002 -0.001 0.153)
(-0.002 0.001 0.153)
(0.002 0.001 0.153)
(-0.002 -0.001 0.154)
(0.002 -0.001 0.154)
(-0.002 0.001 0.154)
(0.002 0.001 0.154)
(-0.002 -0.001 0.155)
(0.002 -0.001 0.155)
(-0.002 0.001 0.155)
(0.002 0.001 0.155)
(-0.002 -0.001 0.156)
(0.002 -0.001 0.156)
(-0.002 0.001 0.156)
(0.002 0.001 0.156)
(-0.002 -0.001 0.157)
(0.002 -0.001 0.157)
(-0.002 0.001 0.157)
(0.002 0.001 0.157)
(-0.002 -0.001 0.158)
(0.002 -0.001 0.158)
(-0.002 0.001 0.158)
(0.002 0.001 0.158)
(-0.002 -0.001 0.159)
(0.002 -0.001 0.159)
(-0.002 0.001 0.159)
(0.002 0.001 0.159)
(-0.002 -0.001 0.16)
(0.002 -0.001 0.16)
(-0.002 0.001 0.16)
(0.002 0.001 0.16)
(-0.002 -0.001 0.161)
(0.002 -0.001 0.161)
(-0.002 0.001 0.161)
(0.002 0.001 0.161)
(-0.002 -0.001 0.162)
(0.002 -0.001 0.162)
(-0.002 0.001 0.162)
(0.002 0.001 0.162)
(-0.002 -0.001 0.163)
(0.002 -0.001 0.163)
(-0.002 0.001 0.163)
(0.002 0.001 0.163)
(-0.002 -0.001 0.164)
(0.002 -0.001 0.164)
(-0.002 0.001 0.164)
(0.002 0.001 0.164)
(-0.002 -0.001 0.165)
(0.002 -0.001 0.165)
(-0.002 0.001 0.165)
(0.002 0.001 0.165)
(-0.002 -0.001 0.166)
(0.002 -0.001 0.166)
(-0.002 0.001 0.166)
(0.002 0.001 0.166)
(-0.002 -0.001 0.167)
(0.002 -0.001 0.167)
(-0.002 0.001 0.167)
(0.002 0.001 0.167)
(-0.002 -0.001 0.168)
(0.002 -0.001 0.168)
(-0.002 0.001 0.168)
(0.002 0.001 0.168)
(-0.002 -0.001 0.169)
(0.002 -0.001 0.169)
(-0.002 0.001 0.169)
(0.002 0.001 0.169)
(-0.002 -0.001 0.17)
(0.002 -0.001 0.17)
(-0.002 0.001 0.17)
(0.002 0.001 0.17)
(-0.002 -0.001 0.171)
(0.002 -0.001 0.171)
(-0.002 0.001 0.171)
(0.002 0.001 0.171)
(-0.002 -0.001 0.172)
(0.002 -0.001 0.172)
(-0.002 0.001 0.172)
(0.002 0.001 0.172)
(-0.002 -0.001 0.173)
(0.002 -0.001 0.173)
(-0.002 0.001 0.173)
(0.002 0.001 0.173)
(-0.002 -0.001 0.174)
(0.002 -0.001 0.174)
(-0.002 0.001 0.174)
(0.002 0.001 0.174)
(-0.002 -0.001 0.175)
(0.002 -0.001 0.175)
(-0.002 0.001 0.175)
(0.002 0.001 0.175)
(-0.002 -0.001 0.176)
(0.002 -0.001 0.176)
(-0.002 0.001 0.176)
(0.002 0.001 0.176)
(-0.002 -0.001 0.177)
(0.002 -0.001 0.177)
(-0.002 0.001 0.177)
(0.002 0.001 0.177)
(-0.002 -0.001 0.178)
(0.002 -0.001 0.178)
(-0.002 0.001 0.178)
(0.002 0.001 0.178)
(-0.002 -0.001 0.179)
(0.002 -0.001 0.179)
(-0.002 0.001 0.179)
(0.002 0.001 0.179)
(-0.002 -0.001 0.18)
(0.002 -0.001 0.18)
(-0.002 0.001 0.18)
(0.002 0.001 0.18)
(-0.002 -0.001 0.181)
(0.002 -0.001 0.181)
(-0.002 0.001 0.181)
(0.002 0.001 0.181)
(-0.002 -0.001 0.182)
(0.002 -0.001 0.182)
(-0.002 0.001 0.182)
(0.002 0.001 0.182)
(-0.002 -0.001 0.183)
(0.002 -0.001 0.183)
(-0.002 0.001 0.183)
(0.002 0.001 0.183)
(-0.002 -0.001 0.184)
(0.002 -0.001 0.184)
(-0.002 0.001 0.184)
(0.002 0.001 0.184)
(-0.002 -0.001 0.185)
(0.002 -0.001 0.185)
(-0.002 0.001 0.185)
(0.002 0.001 0.185)
(-0.002 -0.001 0.186)
(0.002 -0.001 0.186)
(-0.002 0.001 0.186)
(0.002 0.001 0.186)
(-0.002 -0.001 0.187)
(0.002 -0.001 0.187)
(-0.002 0.001 0.187)
(0.002 0.001 0.187)
(-0.002 -0.001 0.188)
(0.002 -0.001 0.188)
(-0.002 0.001 0.188)
(0.002 0.001 0.188)
(-0.002 -0.001 0.189)
(0.002 -0.001 0.189)
(-0.002 0.001 0.189)
(0.002 0.001 0.189)
(-0.002 -0.001 0.19)
(0.002 -0.001 0.19)
(-0.002 0.001 0.19)
(0.002 0.001 0.19)
(-0.002 -0.001 0.191)
(0.002 -0.001 0.191)
(-0.002 0.001 0.191)
(0.002 0.001 0.191)
(-0.002 -0.001 0.192)
(0.002 -0.001 0.192)
(-0.002 0.001 0.192)
(0.002 0.001 0.192)
(-0.002 -0.001 0.193)
(0.002 -0.001 0.193)
(-0.002 0.001 0.193)
(0.002 0.001 0.193)
(-0.002 -0.001 0.194)
(0.002 -0.001 0.194)
(-0.002 0.001 0.194)
(0.002 0.001 0.194)
(-0.002 -0.001 0.195)
(0.002 -0.001 0.195)
(-0.002 0.001 0.195)
(0.002 0.001 0.195)
(-0.002 -0.001 0.196)
(0.002 -0.001 0.196)
(-0.002 0.001 0.196)
(0.002 0.001 0.196)
(-0.002 -0.001 0.197)
(0.002 -0.001 0.197)
(-0.002 0.001 0.197)
(0.002 0.001 0.197)
(-0.002 -0.001 0.198)
(0.002 -0.001 0.198)
(-0.002 0.001 0.198)
(0.002 0.001 0.198)
(-0.002 -0.001 0.199)
(0.002 -0.001 0.199)
(-0.002 0.001 0.199)
(0.002 0.001 0.199)
(-0.002 -0.001 0.2)
(0.002 -0.001 0.2)
(-0.002 0.001 0.2)
(0.002 0.001 0.2)
(-0.002 -0.001 0.201)
(0.002 -0.001 0.201)
(-0.002 0.001 0.201)
(0.002 0.001 0.201)
(-0.002 -0.001 0.202)
(0.002 -0.001 0.202)
(-0.002 0.001 0.202)
(0.002 0.001 0.202)
(-0.002 -0.001 0.203)
(0.002 -0.001 0.203)
(-0.002 0.001 0.203)
(0.002 0.001 0.203)
(-0.002 -0.001 0.204)
(0.002 -0.001 0.204)
(-0.002 0.001 0.204)
(0.002 0.001 0.204)
(-0.002 -0.001 0.205)
(0.002 -0.001 0.205)
(-0.002 0.001 0.205)
(0.002 0.001 0.205)
(-0.002 -0.001 0.206)
(0.002 -0.001 0.206)
(-0.002 0.001 0.206)
(0.002 0.001 0.206)
(-0.002 -0.001 0.207)
(0.002 -0.001 0.207)
(-0.002 0.001 0.207)
(0.002 0.001 0.207)
(-0.002 -0.001 0.208)
(0.002 -0.001 0.208)
(-0.002 0.001 0.208)
(0.002 0.001 0.208)
(-0.002 -0.001 0.209)
(0.002 -0.001 0.209)
(-0.002 0.001 0.209)
(0.002 0.001 0.209)
(-0.002 -0.001 0.21)
(0.002 -0.001 0.21)
(-0.002 0.001 0.21)
(0.002 0.001 0.21)
(-0.002 -0.001 0.211)
(0.002 -0.001 0.211)
(-0.002 0.001 0.211)
(0.002 0.001 0.211)
(-0.002 -0.001 0.212)
(0.002 -0.001 0.212)
(-0.002 0.001 0.212)
(0.002 0.001 0.212)
(-0.002 -0.001 0.213)
(0.002 -0.001 0.213)
(-0.002 0.001 0.213)
(0.002 0.001 0.213)
(-0.002 -0.001 0.214)
(0.002 -0.001 0.214)
(-0.002 0.001 0.214)
(0.002 0.001 0.214)
(-0.002 -0.001 0.215)
(0.002 -0.001 0.215)
(-0.002 0.001 0.215)
(0.002 0.001 0.215)
(-0.002 -0.001 0.216)
(0.002 -0.001 0.216)
(-0.002 0.001 0.216)
(0.002 0.001 0.216)
(-0.002 -0.001 0.217)
(0.002 -0.001 0.217)
(-0.002 0.001 0.217)
(0.002 0.001 0.217)
(-0.002 -0.001 0.218)
(0.002 -0.001 0.218)
(-0.002 0.001 0.218)
(0.002 0.001 0.218)
(-0.002 -0.001 0.219)
(0.002 -0.001 0.219)
(-0.002 0.001 0.219)
(0.002 0.001 0.219)
(-0.002 -0.001 0.22)
(0.002 -0.001 0.22)
(-0.002 0.001 0.22)
(0.002 0.001 0.22)
(-0.002 -0.001 0.221)
(0.002 -0.001 0.221)
(-0.002 0.001 0.221)
(0.002 0.001 0.221)
(-0.002 -0.001 0.222)
(0.002 -0.001 0.222)
(-0.002 0.001 0.222)
(0.002 0.001 0.222)
(-0.002 -0.001 0.223)
(0.002 -0.001 0.223)
(-0.002 0.001 0.223)
(0.002 0.001 0.223)
(-0.002 -0.001 0.224)
(0.002 -0.001 0.224)
(-0.002 0.001 0.224)
(0.002 0.001 0.224)
(-0.002 -0.001 0.225)
(0.002 -0.001 0.225)
(-0.002 0.001 0.225)
(0.002 0.001 0.225)
(-0.002 -0.001 0.226)
(0.002 -0.001 0.226)
(-0.002 0.001 0.226)
(0.002 0.001 0.226)
(-0.002 -0.001 0.227)
(0.002 -0.001 0.227)
(-0.002 0.001 0.227)
(0.002 0.001 0.227)
(-0.002 -0.001 0.228)
(0.002 -0.001 0.228)
(-0.002 0.001 0.228)
(0.002 0.001 0.228)
(-0.002 -0.001 0.229)
(0.002 -0.001 0.229)
(-0.002 0.001 0.229)
(0.002 0.001 0.229)
(-0.002 -0.001 0.23)
(0.002 -0.001 0.23)
(-0.002 0.001 0.23)
(0.002 0.001 0.23)
(-0.002 -0.001 0.231)
(0.002 -0.001 0.231)
(-0.002 0.001 0.231)
(0.002 0.001 0.231)
(-0.002 -0.001 0.232)
(0.002 -0.001 0.232)
(-0.002 0.001 0.232)
(0.002 0.001 0.232)
(-0.002 -0.001 0.233)
(0.002 -0.001 0.233)
(-0.002 0.001 0.233)
(0.002 0.001 0.233)
(-0.002 -0.001 0.234)
(0.002 -0.001 0.234)
(-0.002 0.001 0.234)
(0.002 0.001 0.234)
(-0.002 -0.001 0.235)
(0.002 -0.001 0.235)
(-0.002 0.001 0.235)
(0.002 0.001 0.235)
(-0.002 -0.001 0.236)
(0.002 -0.001 0.236)
(-0.002 0.001 0.236)
(0.002 0.001 0.236)
(-0.002 -0.001 0.237)
(0.002 -0.001 0.237)
(-0.002 0.001 0.237)
(0.002 0.001 0.237)
(-0.002 -0.001 0.238)
(0.002 -0.001 0.238)
(-0.002 0.001 0.238)
(0.002 0.001 0.238)
(-0.002 -0.001 0.239)
(0.002 -0.001 0.239)
(-0.002 0.001 0.239)
(0.002 0.001 0.239)
(-0.002 -0.001 0.24)
(0.002 -0.001 0.24)
(-0.002 0.001 0.24)
(0.002 0.001 0.24)
(-0.002 -0.001 0.241)
(0.002 -0.001 0.241)
(-0.002 0.001 0.241)
(0.002 0.001 0.241)
(-0.002 -0.001 0.242)
(0.002 -0.001 0.242)
(-0.002 0.001 0.242)
(0.002 0.001 0.242)
(-0.002 -0.001 0.243)
(0.002 -0.001 0.243)
(-0.002 0.001 0.243)
(0.002 0.001 0.243)
(-0.002 -0.001 0.244)
(0.002 -0.001 0.244)
(-0.002 0.001 0.244)
(0.002 0.001 0.244)
(-0.002 -0.001 0.245)
(0.002 -0.001 0.245)
(-0.002 0.001 0.245)
(0.002 0.001 0.245)
(-0.002 -0.001 0.246)
(0.002 -0.001 0.246)
(-0.002 0.001 0.246)
(0.002 0.001 0.246)
(-0.002 -0.001 0.247)
(0.002 -0.001 0.247)
(-0.002 0.001 0.247)
(0.002 0.001 0.247)
(-0.002 -0.001 0.248)
(0.002 -0.001 0.248)
(-0.002 0.001 0.248)
(0.002 0.001 0.248)
(-0.002 -0.001 0.249)
(0.002 -0.001 0.249)
(-0.002 0.001 0.249)
(0.002 0.001 0.249)
(-0.002 -0.001 0.25)
(0.002 -0.001 0.25)
(-0.002 0.001 0.25)
(0.002 0.001 0.25)
(-0.002 -0.001 0.251)
(0.002 -0.001 0.251)
(-0.002 0.001 0.251)
(0.002 0.001 0.251)
(-0.002 -0.001 0.252)
(0.002 -0.001 0.252)
(-0.002 0.001 0.252)
(0.002 0.001 0.252)
(-0.002 -0.001 0.253)
(0.002 -0.001 0.253)
(-0.002 0.001 0.253)
(0.002 0.001 0.253)
(-0.002 -0.001 0.254)
(0.002 -0.001 0.254)
(-0.002 0.001 0.254)
(0.002 0.001 0.254)
(-0.002 -0.001 0.255)
(0.002 -0.001 0.255)
(-0.002 0.001 0.255)
(0.002 0.001 0.255)
(-0.002 -0.001 0.256)
(0.002 -0.001 0.256)
(-0.002 0.001 0.256)
(0.002 0.001 0.256)
(-0.002 -0.001 0.257)
(0.002 -0.001 0.257)
(-0.002 0.001 0.257)
(0.002 0.001 0.257)
(-0.002 -0.001 0.258)
(0.002 -0.001 0.258)
(-0.002 0.001 0.258)
(0.002 0.001 0.258)
(-0.002 -0.001 0.259)
(0.002 -0.001 0.259)
(-0.002 0.001 0.259)
(0.002 0.001 0.259)
(-0.002 -0.001 0.26)
(0.002 -0.001 0.26)
(-0.002 0.001 0.26)
(0.002 0.001 0.26)
(-0.002 -0.001 0.261)
(0.002 -0.001 0.261)
(-0.002 0.001 0.261)
(0.002 0.001 0.261)
(-0.002 -0.001 0.262)
(0.002 -0.001 0.262)
(-0.002 0.001 0.262)
(0.002 0.001 0.262)
(-0.002 -0.001 0.263)
(0.002 -0.001 0.263)
(-0.002 0.001 0.263)
(0.002 0.001 0.263)
(-0.002 -0.001 0.264)
(0.002 -0.001 0.264)
(-0.002 0.001 0.264)
(0.002 0.001 0.264)
(-0.002 -0.001 0.265)
(0.002 -0.001 0.265)
(-0.002 0.001 0.265)
(0.002 0.001 0.265)
(-0.002 -0.001 0.266)
(0.002 -0.001 0.266)
(-0.002 0.001 0.266)
(0.002 0.001 0.266)
(-0.002 -0.001 0.267)
(0.002 -0.001 0.267)
(-0.002 0.001 0.267)
(0.002 0.001 0.267)
(-0.002 -0.001 0.268)
(0.002 -0.001 0.268)
(-0.002 0.001 0.268)
(0.002 0.001 0.268)
(-0.002 -0.001 0.269)
(0.002 -0.001 0.269)
(-0.002 0.001 0.269)
(0.002 0.001 0.269)
(-0.002 -0.001 0.27)
(0.002 -0.001 0.27)
(-0.002 0.001 0.27)
(0.002 0.001 0.27)
(-0.002 -0.001 0.271)
(0.002 -0.001 0.271)
(-0.002 0.001 0.271)
(0.002 0.001 0.271)
(-0.002 -0.001 0.272)
(0.002 -0.001 0.272)
(-0.002 0.001 0.272)
(0.002 0.001 0.272)
(-0.002 -0.001 0.273)
(0.002 -0.001 0.273)
(-0.002 0.001 0.273)
(0.002 0.001 0.273)
(-0.002 -0.001 0.274)
(0.002 -0.001 0.274)
(-0.002 0.001 0.274)
(0.002 0.001 0.274)
(-0.002 -0.001 0.275)
(0.002 -0.001 0.275)
(-0.002 0.001 0.275)
(0.002 0.001 0.275)
(-0.002 -0.001 0.276)
(0.002 -0.001 0.276)
(-0.002 0.001 0.276)
(0.002 0.001 0.276)
(-0.002 -0.001 0.277)
(0.002 -0.001 0.277)
(-0.002 0.001 0.277)
(0.002 0.001 0.277)
(-0.002 -0.001 0.278)
(0.002 -0.001 0.278)
(-0.002 0.001 0.278)
(0.002 0.001 0.278)
(-0.002 -0.001 0.279)
(0.002 -0.001 0.279)
(-0.002 0.001 0.279)
(0.002 0.001 0.279)
(-0.002 -0.001 0.28)
(0.002 -0.001 0.28)
(-0.002 0.001 0.28)
(0.002 0.001 0.28)
(-0.002 -0.001 0.281)
(0.002 -0.001 0.281)
(-0.002 0.001 0.281)
(0.002 0.001 0.281)
(-0.002 -0.001 0.282)
(0.002 -0.001 0.282)
(-0.002 0.001 0.282)
(0.002 0.001 0.282)
(-0.002 -0.001 0.283)
(0.002 -0.001 0.283)
(-0.002 0.001 0.283)
(0.002 0.001 0.283)
(-0.002 -0.001 0.284)
(0.002 -0.001 0.284)
(-0.002 0.001 0.284)
(0.002 0.001 0.284)
(-0.002 -0.001 0.285)
(0.002 -0.001 0.285)
(-0.002 0.001 0.285)
(0.002 0.001 0.285)
(-0.002 -0.001 0.286)
(0.002 -0.001 0.286)
(-0.002 0.001 0.286)
(0.002 0.001 0.286)
(-0.002 -0.001 0.287)
(0.002 -0.001 0.287)
(-0.002 0.001 0.287)
(0.002 0.001 0.287)
(-0.002 -0.001 0.288)
(0.002 -0.001 0.288)
(-0.002 0.001 0.288)
(0.002 0.001 0.288)
(-0.002 -0.001 0.289)
(0.002 -0.001 0.289)
(-0.002 0.001 0.289)
(0.002 0.001 0.289)
(-0.002 -0.001 0.29)
(0.002 -0.001 0.29)
(-0.002 0.001 0.29)
(0.002 0.001 0.29)
(-0.002 -0.001 0.291)
(0.002 -0.001 0.291)
(-0.002 0.001 0.291)
(0.002 0.001 0.291)
(-0.002 -0.001 0.292)
(0.002 -0.001 0.292)
(-0.002 0.001 0.292)
(0.002 0.001 0.292)
(-0.002 -0.001 0.293)
(0.002 -0.001 0.293)
(-0.002 0.001 0.293)
(0.002 0.001 0.293)
(-0.002 -0.001 0.294)
(0.002 -0.001 0.294)
(-0.002 0.001 0.294)
(0.002 0.001 0.294)
(-0.002 -0.001 0.295)
(0.002 -0.001 0.295)
(-0.002 0.001 0.295)
(0.002 0.001 0.295)
(-0.002 -0.001 0.296)
(0.002 -0.001 0.296)
(-0.002 0.001 0.296)
(0.002 0.001 0.296)
(-0.002 -0.001 0.297)
(0.002 -0.001 0.297)
(-0.002 0.001 0.297)
(0.002 0.001 0.297)
(-0.002 -0.001 0.298)
(0.002 -0.001 0.298)
(-0.002 0.001 0.298)
(0.002 0.001 0.298)
(-0.002 -0.001 0.299)
(0.002 -0.001 0.299)
(-0.002 0.001 0.299)
(0.002 0.001 0.299)
(-0.002 -0.001 0.3)
(0.002 -0.001 0.3)
(-0.002 0.001 0.3)
(0.002 0.001 0.3)
(-0.002 -0.001 0.301)
(0.002 -0.001 0.301)
(-0.002 0.001 0.301)
(0.002 0.001 0.301)
(-0.002 -0.001 0.302)
(0.002 -0.001 0.302)
(-0.002 0.001 0.302)
(0.002 0.001 0.302)
(-0.002 -0.001 0.303)
(0.002 -0.001 0.303)
(-0.002 0.001 0.303)
(0.002 0.001 0.303)
(-0.002 -0.001 0.304)
(0.002 -0.001 0.304)
(-0.002 0.001 0.304)
(0.002 0.001 0.304)
(-0.002 -0.001 0.305)
(0.002 -0.001 0.305)
(-0.002 0.001 0.305)
(0.002 0.001 0.305)
(-0.002 -0.001 0.306)
(0.002 -0.001 0.306)
(-0.002 0.001 0.306)
(0.002 0.001 0.306)
(-0.002 -0.001 0.307)
(0.002 -0.001 0.307)
(-0.002 0.001 0.307)
(0.002 0.001 0.307)
(-0.002 -0.001 0.308)
(0.002 -0.001 0.308)
(-0.002 0.001 0.308)
(0.002 0.001 0.308)
(-0.002 -0.001 0.309)
(0.002 -0.001 0.309)
(-0.002 0.001 0.309)
(0.002 0.001 0.309)
(-0.002 -0.001 0.31)
(0.002 -0.001 0.31)
(-0.002 0.001 0.31)
(0.002 0.001 0.31)
(-0.002 -0.001 0.311)
(0.002 -0.001 0.311)
(-0.002 0.001 0.311)
(0.002 0.001 0.311)
(-0.002 -0.001 0.312)
(0.002 -0.001 0.312)
(-0.002 0.001 0.312)
(0.002 0.001 0.312)
(-0.002 -0.001 0.313)
(0.002 -0.001 0.313)
(-0.002 0.001 0.313)
(0.002 0.001 0.313)
(-0.002 -0.001 0.314)
(0.002 -0.001 0.314)
(-0.002 0.001 0.314)
(0.002 0.001 0.314)
(-0.002 -0.001 0.315)
(0.002 -0.001 0.315)
(-0.002 0.001 0.315)
(0.002 0.001 0.315)
(-0.002 -0.001 0.316)
(0.002 -0.001 0.316)
(-0.002 0.001 0.316)
(0.002 0.001 0.316)
(-0.002 -0.001 0.317)
(0.002 -0.001 0.317)
(-0.002 0.001 0.317)
(0.002 0.001 0.317)
(-0.002 -0.001 0.318)
(0.002 -0.001 0.318)
(-0.002 0.001 0.318)
(0.002 0.001 0.318)
(-0.002 -0.001 0.319)
(0.002 -0.001 0.319)
(-0.002 0.001 0.319)
(0.002 0.001 0.319)
(-0.002 -0.001 0.32)
(0.002 -0.001 0.32)
(-0.002 0.001 0.32)
(0.002 0.001 0.32)
(-0.002 -0.001 0.321)
(0.002 -0.001 0.321)
(-0.002 0.001 0.321)
(0.002 0.001 0.321)
(-0.002 -0.001 0.322)
(0.002 -0.001 0.322)
(-0.002 0.001 0.322)
(0.002 0.001 0.322)
(-0.002 -0.001 0.323)
(0.002 -0.001 0.323)
(-0.002 0.001 0.323)
(0.002 0.001 0.323)
(-0.002 -0.001 0.324)
(0.002 -0.001 0.324)
(-0.002 0.001 0.324)
(0.002 0.001 0.324)
(-0.002 -0.001 0.325)
(0.002 -0.001 0.325)
(-0.002 0.001 0.325)
(0.002 0.001 0.325)
(-0.002 -0.001 0.326)
(0.002 -0.001 0.326)
(-0.002 0.001 0.326)
(0.002 0.001 0.326)
(-0.002 -0.001 0.327)
(0.002 -0.001 0.327)
(-0.002 0.001 0.327)
(0.002 0.001 0.327)
(-0.002 -0.001 0.328)
(0.002 -0.001 0.328)
(-0.002 0.001 0.328)
(0.002 0.001 0.328)
(-0.002 -0.001 0.329)
(0.002 -0.001 0.329)
(-0.002 0.001 0.329)
(0.002 0.001 0.329)
(-0.002 -0.001 0.33)
(0.002 -0.001 0.33)
(-0.002 0.001 0.33)
(0.002 0.001 0.33)
(-0.002 -0.001 0.331)
(0.002 -0.001 0.331)
(-0.002 0.001 0.331)
(0.002 0.001 0.331)
(-0.002 -0.001 0.332)
(0.002 -0.001 0.332)
(-0.002 0.001 0.332)
(0.002 0.001 0.332)
(-0.002 -0.001 0.333)
(0.002 -0.001 0.333)
(-0.002 0.001 0.333)
(0.002 0.001 0.333)
(-0.002 -0.001 0.334)
(0.002 -0.001 0.334)
(-0.002 0.001 0.334)
(0.002 0.001 0.334)
(-0.002 -0.001 0.335)
(0.002 -0.001 0.335)
(-0.002 0.001 0.335)
(0.002 0.001 0.335)
(-0.002 -0.001 0.336)
(0.002 -0.001 0.336)
(-0.002 0.001 0.336)
(0.002 0.001 0.336)
(-0.002 -0.001 0.337)
(0.002 -0.001 0.337)
(-0.002 0.001 0.337)
(0.002 0.001 0.337)
(-0.002 -0.001 0.338)
(0.002 -0.001 0.338)
(-0.002 0.001 0.338)
(0.002 0.001 0.338)
(-0.002 -0.001 0.339)
(0.002 -0.001 0.339)
(-0.002 0.001 0.339)
(0.002 0.001 0.339)
(-0.002 -0.001 0.34)
(0.002 -0.001 0.34)
(-0.002 0.001 0.34)
(0.002 0.001 0.34)
(-0.002 -0.001 0.341)
(0.002 -0.001 0.341)
(-0.002 0.001 0.341)
(0.002 0.001 0.341)
(-0.002 -0.001 0.342)
(0.002 -0.001 0.342)
(-0.002 0.001 0.342)
(0.002 0.001 0.342)
(-0.002 -0.001 0.343)
(0.002 -0.001 0.343)
(-0.002 0.001 0.343)
(0.002 0.001 0.343)
(-0.002 -0.001 0.344)
(0.002 -0.001 0.344)
(-0.002 0.001 0.344)
(0.002 0.001 0.344)
(-0.002 -0.001 0.345)
(0.002 -0.001 0.345)
(-0.002 0.001 0.345)
(0.002 0.001 0.345)
(-0.002 -0.001 0.346)
(0.002 -0.001 0.346)
(-0.002 0.001 0.346)
(0.002 0.001 0.346)
(-0.002 -0.001 0.347)
(0.002 -0.001 0.347)
(-0.002 0.001 0.347)
(0.002 0.001 0.347)
(-0.002 -0.001 0.348)
(0.002 -0.001 0.348)
(-0.002 0.001 0.348)
(0.002 0.001 0.348)
(-0.002 -0.001 0.349)
(0.002 -0.001 0.349)
(-0.002 0.001 0.349)
(0.002 0.001 0.349)
(-0.002 -0.001 0.35)
(0.002 -0.001 0.35)
(-0.002 0.001 0.35)
(0.002 0.001 0.35)
(-0.002 -0.001 0.351)
(0.002 -0.001 0.351)
(-0.002 0.001 0.351)
(0.002 0.001 0.351)
(-0.002 -0.001 0.352)
(0.002 -0.001 0.352)
(-0.002 0.001 0.352)
(0.002 0.001 0.352)
(-0.002 -0.001 0.353)
(0.002 -0.001 0.353)
(-0.002 0.001 0.353)
(0.002 0.001 0.353)
(-0.002 -0.001 0.354)
(0.002 -0.001 0.354)
(-0.002 0.001 0.354)
(0.002 0.001 0.354)
(-0.002 -0.001 0.355)
(0.002 -0.001 0.355)
(-0.002 0.001 0.355)
(0.002 0.001 0.355)
(-0.002 -0.001 0.356)
(0.002 -0.001 0.356)
(-0.002 0.001 0.356)
(0.002 0.001 0.356)
(-0.002 -0.001 0.357)
(0.002 -0.001 0.357)
(-0.002 0.001 0.357)
(0.002 0.001 0.357)
(-0.002 -0.001 0.358)
(0.002 -0.001 0.358)
(-0.002 0.001 0.358)
(0.002 0.001 0.358)
(-0.002 -0.001 0.359)
(0.002 -0.001 0.359)
(-0.002 0.001 0.359)
(0.002 0.001 0.359)
(-0.002 -0.001 0.36)
(0.002 -0.001 0.36)
(-0.002 0.001 0.36)
(0.002 0.001 0.36)
(-0.002 -0.001 0.361)
(0.002 -0.001 0.361)
(-0.002 0.001 0.361)
(0.002 0.001 0.361)
(-0.002 -0.001 0.362)
(0.002 -0.001 0.362)
(-0.002 0.001 0.362)
(0.002 0.001 0.362)
(-0.002 -0.001 0.363)
(0.002 -0.001 0.363)
(-0.002 0.001 0.363)
(0.002 0.001 0.363)
(-0.002 -0.001 0.364)
(0.002 -0.001 0.364)
(-0.002 0.001 0.364)
(0.002 0.001 0.364)
(-0.002 -0.001 0.365)
(0.002 -0.001 0.365)
(-0.002 0.001 0.365)
(0.002 0.001 0.365)
(-0.002 -0.001 0.366)
(0.002 -0.001 0.366)
(-0.002 0.001 0.366)
(0.002 0.001 0.366)
(-0.002 -0.001 0.367)
(0.002 -0.001 0.367)
(-0.002 0.001 0.367)
(0.002 0.001 0.367)
(-0.002 -0.001 0.368)
(0.002 -0.001 0.368)
(-0.002 0.001 0.368)
(0.002 0.001 0.368)
(-0.002 -0.001 0.369)
(0.002 -0.001 0.369)
(-0.002 0.001 0.369)
(0.002 0.001 0.369)
(-0.002 -0.001 0.37)
(0.002 -0.001 0.37)
(-0.002 0.001 0.37)
(0.002 0.001 0.37)
(-0.002 -0.001 0.371)
(0.002 -0.001 0.371)
(-0.002 0.001 0.371)
(0.002 0.001 0.371)
(-0.002 -0.001 0.372)
(0.002 -0.001 0.372)
(-0.002 0.001 0.372)
(0.002 0.001 0.372)
(-0.002 -0.001 0.373)
(0.002 -0.001 0.373)
(-0.002 0.001 0.373)
(0.002 0.001 0.373)
(-0.002 -0.001 0.374)
(0.002 -0.001 0.374)
(-0.002 0.001 0.374)
(0.002 0.001 0.374)
(-0.002 -0.001 0.375)
(0.002 -0.001 0.375)
(-0.002 0.001 0.375)
(0.002 0.001 0.375)
(-0.002 -0.001 0.376)
(0.002 -0.001 0.376)
(-0.002 0.001 0.376)
(0.002 0.001 0.376)
(-0.002 -0.001 0.377)
(0.002 -0.001 0.377)
(-0.002 0.001 0.377)
(0.002 0.001 0.377)
(-0.002 -0.001 0.378)
(0.002 -0.001 0.378)
(-0.002 0.001 0.378)
(0.002 0.001 0.378)
(-0.002 -0.001 0.379)
(0.002 -0.001 0.379)
(-0.002 0.001 0.379)
(0.002 0.001 0.379)
(-0.002 -0.001 0.38)
(0.002 -0.001 0.38)
(-0.002 0.001 0.38)
(0.002 0.001 0.38)
(-0.002 -0.001 0.381)
(0.002 -0.001 0.381)
(-0.002 0.001 0.381)
(0.002 0.001 0.381)
(-0.002 -0.001 0.382)
(0.002 -0.001 0.382)
(-0.002 0.001 0.382)
(0.002 0.001 0.382)
(-0.002 -0.001 0.383)
(0.002 -0.001 0.383)
(-0.002 0.001 0.383)
(0.002 0.001 0.383)
(-0.002 -0.001 0.384)
(0.002 -0.001 0.384)
(-0.002 0.001 0.384)
(0.002 0.001 0.384)
(-0.002 -0.001 0.385)
(0.002 -0.001 0.385)
(-0.002 0.001 0.385)
(0.002 0.001 0.385)
(-0.002 -0.001 0.386)
(0.002 -0.001 0.386)
(-0.002 0.001 0.386)
(0.002 0.001 0.386)
(-0.002 -0.001 0.387)
(0.002 -0.001 0.387)
(-0.002 0.001 0.387)
(0.002 0.001 0.387)
(-0.002 -0.001 0.388)
(0.002 -0.001 0.388)
(-0.002 0.001 0.388)
(0.002 0.001 0.388)
(-0.002 -0.001 0.389)
(0.002 -0.001 0.389)
(-0.002 0.001 0.389)
(0.002 0.001 0.389)
(-0.002 -0.001 0.39)
(0.002 -0.001 0.39)
(-0.002 0.001 0.39)
(0.002 0.001 0.39)
(-0.002 -0.001 0.391)
(0.002 -0.001 0.391)
(-0.002 0.001 0.391)
(0.002 0.001 0.391)
(-0.002 -0.001 0.392)
(0.002 -0.001 0.392)
(-0.002 0.001 0.392)
(0.002 0.001 0.392)
(-0.002 -0.001 0.393)
(0.002 -0.001 0.393)
(-0.002 0.001 0.393)
(0.002 0.001 0.393)
(-0.002 -0.001 0.394)
(0.002 -0.001 0.394)
(-0.002 0.001 0.394)
(0.002 0.001 0.394)
(-0.002 -0.001 0.395)
(0.002 -0.001 0.395)
(-0.002 0.001 0.395)
(0.002 0.001 0.395)
(-0.002 -0.001 0.396)
(0.002 -0.001 0.396)
(-0.002 0.001 0.396)
(0.002 0.001 0.396)
(-0.002 -0.001 0.397)
(0.002 -0.001 0.397)
(-0.002 0.001 0.397)
(0.002 0.001 0.397)
(-0.002 -0.001 0.398)
(0.002 -0.001 0.398)
(-0.002 0.001 0.398)
(0.002 0.001 0.398)
(-0.002 -0.001 0.399)
(0.002 -0.001 0.399)
(-0.002 0.001 0.399)
(0.002 0.001 0.399)
(-0.002 -0.001 0.4)
(0.002 -0.001 0.4)
(-0.002 0.001 0.4)
(0.002 0.001 0.4)
)


// ************************************************************************* //
