/*--------------------------------*- C++ -*----------------------------------*\
| =========                 |                                                 |
| \\      /  F ield         | OpenFOAM: The Open Source CFD Toolbox           |
|  \\    /   O peration     | Version:  2.4.x                                 |
|   \\  /    A nd           | Web:      www.OpenFOAM.org                      |
|    \\/     M anipulation  |                                                 |
\*---------------------------------------------------------------------------*/
FoamFile
{
    version     2.0;
    format      ascii;
    class       volScalarField;
    location    "0";
    object      p;
}
// * * * * * * * * * * * * * * * * * * * * * * * * * * * * * * * * * * * * * //

dimensions      [0 2 -2 0 0 0 0];

internalField   nonuniform List<scalar> 
600
(
-0.00896787
-0.00896787
-0.00896787
-0.00896787
-0.00899151
-0.0105197
-0.0209845
-0.0344491
-0.043541
-0.0495632
-0.0581164
-0.0627786
-0.0692403
-0.0786636
-0.0894912
-0.098695
-0.10793
-0.116099
-0.123685
-0.130812
-0.147354
-0.154435
-0.161999
-0.168893
-0.181494
-0.201808
-0.21063
-0.210692
-0.210692
-0.210692
-0.210692
-0.210692
-0.210692
-0.210692
-0.210692
-0.210692
-0.210692
-0.210692
-0.210692
-0.210692
-0.141729
-0.110643
-0.076301
-0.0402721
-0.00619797
0.0238804
0.0666931
0.118655
0.152007
0.165877
0.165183
0.164213
0.16359
0.163538
0.163668
0.163702
0.163712
0.163702
0.163695
0.163701
0.163695
0.163698
0.163699
0.163698
0.163699
0.163698
0.163698
0.163698
0.163698
0.163698
0.163698
0.163698
0.163698
0.163698
0.163698
0.163698
0.163698
0.163698
0.163698
0.163698
0.163698
0.163698
0.163698
0.163698
0.163698
0.163698
0.163698
0.163698
0.163698
0.163698
0.163698
0.163698
0.163698
0.163698
0.163698
0.163698
0.163698
0.163698
0.163698
0.163698
0.163698
0.163698
0.163698
0.163698
0.163698
0.163698
0.163698
0.163698
0.163698
0.163698
0.163698
0.163698
0.163698
0.163698
0.163698
0.163698
0.163698
0.163698
0.163698
0.163698
0.163698
0.163698
0.163698
0.163698
0.163698
0.163698
0.163698
0.163698
0.163698
0.163698
0.163698
0.163698
0.163698
0.163698
0.163698
0.163698
0.163698
0.163698
0.163698
0.163698
0.163698
0.163698
0.163698
0.163698
0.163698
0.163698
0.163698
0.163698
0.163698
0.163698
0.163698
0.163698
0.163698
0.163698
0.163698
0.163698
0.163698
0.163698
0.163698
0.163698
0.163698
0.163698
0.163698
0.163698
0.163698
0.163698
0.163698
0.163698
0.163698
0.163698
0.163698
0.163698
0.163698
0.163698
0.163698
0.163698
0.163698
0.163698
0.163698
0.163698
0.163698
0.163698
0.163698
0.163698
0.163698
0.163698
0.163698
0.163698
0.163698
0.163698
0.163698
0.163698
0.163698
0.163698
0.163698
0.163698
0.163698
0.163698
0.163698
0.163698
0.163698
0.163698
0.163698
0.163698
0.163698
0.163698
0.163698
0.163698
0.163698
0.163698
0.163698
0.163698
0.163698
0.163698
0.163698
0.163698
0.163698
0.163698
0.163698
0.163698
0.163698
0.163698
0.163698
0.163698
0.163698
0.163698
0.163698
0.163698
0.163698
0.163698
0.163698
0.163698
0.163698
0.163698
0.163698
0.163698
0.163698
0.163698
0.163698
0.163698
0.163698
0.163698
0.163698
0.163698
0.163698
0.163698
0.163698
0.163698
0.163698
0.163698
0.163698
0.163698
0.163698
0.163698
0.163698
0.163698
0.163698
0.163698
0.163698
0.163698
0.163698
0.163698
0.163698
0.163698
0.163698
0.163698
0.163698
0.163698
0.163698
0.163698
0.163698
0.163698
0.163698
0.163698
0.163698
0.163698
0.163698
0.163698
0.163698
0.163698
0.163698
0.163698
0.163698
0.163698
0.163698
0.163698
0.163698
0.163698
0.163698
0.163698
0.163698
0.163698
0.163698
0.163698
0.163698
0.163698
0.163698
0.163698
0.163698
0.163698
0.163698
0.163698
0.163698
0.163698
0.163698
0.163698
0.163698
0.163698
0.163698
0.163698
0.163698
0.163698
0.163698
0.163698
0.163698
0.163698
0.163698
0.163698
0.163698
0.163698
0.163698
0.163698
0.163698
0.163698
0.163698
0.163698
0.163698
0.163698
0.163698
0.163698
0.163698
0.163698
0.163698
0.163698
0.163698
0.163698
0.163698
0.163698
0.163698
0.163698
0.163698
0.163698
0.163698
0.163698
0.163698
0.163698
0.163698
0.163698
0.163698
0.163698
0.163698
0.163698
0.163698
0.163698
0.163698
0.163698
0.163698
0.163698
0.163698
0.163698
0.163698
0.163698
0.163698
0.163698
0.163698
0.163698
0.163698
0.163698
0.163698
0.163698
0.163698
0.163698
0.163698
0.163698
0.163698
0.163698
0.163698
0.163698
0.163698
0.163698
0.163698
0.163698
0.163698
0.163698
0.163698
0.163698
0.163698
0.163698
0.163698
0.163698
0.163698
0.163698
0.163698
0.163698
0.163698
0.163698
0.163698
0.163698
0.163698
0.163698
0.163698
0.163698
0.163698
0.163698
0.163698
0.163698
0.163698
0.163698
0.163698
0.163698
0.163698
0.163698
0.163698
0.163698
0.163698
0.163698
0.163698
0.163698
0.163698
0.163698
0.163698
0.163698
0.163698
0.163698
0.163698
0.163698
0.163698
0.163698
0.163698
0.163698
0.163698
0.163698
0.163698
0.163698
0.163698
0.163698
0.163698
0.163698
0.163698
0.163698
0.163698
0.163698
0.163698
0.163698
0.163698
0.163698
0.163698
0.163698
0.163698
0.163698
0.163698
0.163698
0.163698
0.163698
0.163698
0.163698
0.163698
0.163698
0.163698
0.163698
0.163698
0.163698
0.163698
0.163698
0.163698
0.163698
0.163698
0.163698
0.163698
0.163698
0.163698
0.163698
0.163698
0.163698
0.163698
0.163698
0.163698
0.163698
0.163698
0.163698
0.163698
0.163698
0.163698
0.163698
0.163698
0.163698
0.163698
0.163698
0.163698
0.163698
0.163698
0.163698
0.163698
0.163698
0.163698
0.163698
0.163698
0.163698
0.163698
0.163698
0.163698
0.163698
0.163698
0.163698
0.163698
0.163698
0.163698
0.163698
0.163698
0.163698
0.163698
0.163698
0.163698
0.163698
0.163698
0.163698
0.163698
0.163698
0.163698
0.163698
0.163698
0.163698
0.163698
0.163698
0.163698
0.163698
0.163698
0.163698
0.163698
0.163698
0.163698
0.163698
0.163698
0.163698
0.163698
0.163698
0.163698
0.163698
0.163698
0.163698
0.163698
0.163698
0.163698
0.163698
0.163698
0.163698
0.163698
0.163698
0.163698
0.163698
0.163698
0.163698
0.163698
0.163698
0.163698
0.163698
0.163698
0.163698
0.163698
0.163698
0.163698
0.163698
0.163698
0.163698
0.163698
0.163698
0.163698
0.163698
0.163698
0.163698
0.163698
0.163698
0.163698
0.163698
0.163698
0.163698
0.163698
0.163698
0.163698
0.163698
0.163698
0.163698
0.163698
0.163698
0.163698
0.163698
0.163698
0.163698
0.163698
0.163698
0.163698
0.163698
0.163698
0.163698
0.163698
0.163698
0.163698
0.163698
0.163698
0.163698
)
;

boundaryField
{
    wall_bottom
    {
        type            fixedFluxPressure;
        gradient        uniform 0;
        value           uniform -0.00896787;
    }
    wall_top
    {
        type            fixedValue;
        value           uniform 0;
    }
    front1
    {
        type            cyclic;
    }
    back1
    {
        type            cyclic;
    }
    left1
    {
        type            cyclic;
    }
    right1
    {
        type            cyclic;
    }
    front2
    {
        type            cyclic;
    }
    back2
    {
        type            cyclic;
    }
    left2
    {
        type            cyclic;
    }
    right2
    {
        type            cyclic;
    }
    front3
    {
        type            cyclic;
    }
    back3
    {
        type            cyclic;
    }
    left3
    {
        type            cyclic;
    }
    right3
    {
        type            cyclic;
    }
}


// ************************************************************************* //
